CYCLES;INS
8753729;6247519 
8753802;6247512 
8754006;6247517 
8754429;6247519 
8754059;6247516 
8754618;6247518 
8754400;6247519 
8754062;6247514 
8754499;6247515 
8754149;6247522 
8754230;6247519 
8756644;6247519 
8756022;6247516 
8753543;6247516 
8754786;6247523 
8754831;6247517 
8753722;6247517 
8754504;6247518 
8755356;6247515 
8754118;6247514 
8754497;6247523 
8754091;6247515 
8754802;6247516 
8754483;6247520 
8754123;6247519 
8754462;6247518 
8754893;6247518 
8753707;6247513 
8753784;6247515 
8754201;6247517 
8754817;6247515 
8754505;6247518 
8754393;6247517 
8754228;6247517 
8754492;6247514 
8754493;6247519 
8754177;6247518 
8753924;6247518 
8754583;6247521 
8754971;6247520 
8754048;6247516 
8754353;6247515 
8753863;6247516 
8755292;6247515 
8754107;6247515 
8756663;6247519 
8754184;6247519 
8753956;6247521 
8755579;6247523 
8754633;6247517 
8757516;6247518 
8755758;6247518 
8754383;6247517 
8754412;6247516 
8755955;6247519 
8755676;6247516 
8757607;6247519 
8754042;6247515 
8754162;6247517 
8754377;6247523 
8754131;6247517 
8754361;6247517 
8753879;6247524 
8754292;6247520 
8754785;6247520 
8753976;6247519 
8754871;6247520 
8755588;6247516 
8755016;6247522 
8754236;6247526 
8753959;6247513 
8754719;6247515 
8755181;6247520 
8754005;6247517 
8753796;6247518 
8754647;6247520 
8754264;6247519 
8753914;6247520 
8754358;6247519 
8757679;6247516 
8754808;6247518 
8755285;6247518 
8754327;6247516 
8754630;6247520 
8754600;6247520 
8754120;6247518 
8755590;6247517 
8754448;6247516 
8753739;6247513 
8753932;6247517 
8754429;6247515 
8753814;6247513 
8755591;6247514 
8754122;6247521 
8754987;6247516 
8754854;6247516 
8754758;6247520 
8753837;6247517 
8753979;6247518 
8755278;6247520 
8754831;6247519 
8754301;6247518 
8754820;6247520 
8753879;6247522 
8758138;6247520 
8753857;6247516 
8753738;6247513 
8753895;6247522 
8753916;6247519 
8753969;6247516 
8754430;6247525 
8754515;6247520 
8753904;6247516 
8754288;6247517 
8755515;6247520 
8753832;6247515 
8754575;6247526 
8754694;6247524 
8753987;6247516 
8754415;6247519 
8753999;6247518 
8755247;6247516 
8753927;6247516 
8754396;6247518 
8754074;6247519 
8754128;6247518 
8753993;6247520 
8754375;6247516 
8754166;6247520 
8754866;6247518 
8753973;6247516 
8754061;6247520 
8755502;6247528 
8754110;6247516 
8756385;6247518 
8756189;6247517 
8753762;6247516 
8755156;6247522 
8754062;6247518 
8754362;6247513 
8754435;6247517 
8755277;6247516 
8755011;6247516 
8754669;6247519 
8754033;6247520 
8754858;6247519 
8757614;6247519 
8754952;6247519 
8753986;6247515 
8753902;6247515 
8754285;6247518 
8754288;6247514 
8753897;6247519 
8754651;6247517 
8754541;6247513 
8755902;6247518 
8754221;6247518 
8754523;6247515 
8754758;6247520 
8754607;6247516 
8754582;6247516 
8754717;6247519 
8754036;6247523 
8754277;6247517 
8754586;6247518 
8754132;6247520 
8754123;6247514 
8754222;6247520 
8754580;6247519 
8753963;6247517 
8754703;6247520 
8754012;6247520 
8753827;6247515 
8754408;6247521 
8754813;6247518 
8754751;6247518 
8754003;6247521 
8754510;6247519 
8753689;6247518 
8754705;6247522 
8755756;6247516 
8754525;6247516 
8753898;6247519 
8754415;6247518 
8755810;6247519 
8754395;6247517 
8754108;6247517 
8755183;6247521 
8754174;6247518 
8755280;6247520 
8754529;6247517 
8753404;6247515 
8755481;6247517 
8754036;6247520 
8753787;6247515 
8754339;6247523 
8754093;6247517 
8754975;6247515 
8754465;6247521 
8754931;6247519 
8754302;6247514 
8754992;6247523 
8755120;6247517 
8754138;6247517 
8756110;6247523 
8755627;6247515 
8753799;6247514 
8753803;6247518 
8755495;6247516 
8755592;6247517 
8753944;6247515 
8756304;6247519 
8754256;6247516 
8753882;6247519 
8754351;6247522 
8757250;6247515 
8754245;6247515 
8754800;6247519 
8754353;6247518 
8754821;6247521 
8753928;6247515 
8753815;6247515 
8754054;6247514 
8754627;6247520 
8754120;6247516 
8754583;6247519 
8755978;6247517 
8753954;6247519 
8754666;6247519 
8754044;6247519 
8754192;6247516 
8754760;6247522 
8755758;6247524 
8754266;6247517 
8754694;6247517 
8754932;6247522 
8754264;6247514 
8754424;6247519 
8754487;6247515 
8754064;6247515 
8754115;6247522 
8757637;6247520 
8753717;6247517 
8755348;6247522 
8754064;6247517 
8754263;6247516 
8754185;6247519 
8754944;6247523 
8754570;6247514 
8754191;6247523 
8757094;6247515 
8753797;6247515 
8753707;6247516 
8754830;6247515 
8754989;6247516 
8754058;6247525 
8754691;6247521 
8753829;6247517 
8755156;6247517 
8754731;6247523 
8754374;6247518 
8755911;6247518 
8755271;6247520 
8754573;6247515 
8754131;6247519 
8754900;6247520 
8754292;6247514 
8758374;6247520 
8754237;6247516 
8755688;6247514 
8754174;6247520 
8755174;6247519 
8754637;6247515 
8757633;6247518 
8755458;6247525 
8755708;6247513 
8753871;6247520 
8755508;6247525 
8754237;6247518 
8756110;6247521 
8754783;6247521 
8753768;6247515 
8753619;6247518 
8754028;6247514 
8753837;6247514 
8755838;6247518 
8754411;6247520 
8753784;6247517 
8754176;6247516 
8754994;6247522 
8755090;6247516 
8755137;6247515 
8754155;6247516 
8753875;6247516 
8754561;6247514 
8754744;6247517 
8753550;6247515 
8754782;6247516 
8754752;6247514 
8754110;6247514 
8754137;6247517 
8754011;6247524 
8755694;6247516 
8756120;6247518 
8755138;6247523 
8754274;6247516 
8754279;6247517 
8755491;6247520 
8754352;6247514 
8755952;6247517 
8755218;6247519 
8754434;6247514 
8754570;6247516 
8753879;6247518 
8755051;6247515 
8754167;6247517 
8754124;6247522 
8754169;6247515 
8756744;6247517 
8753774;6247519 
8754521;6247519 
8754449;6247520 
8754223;6247517 
8753772;6247515 
8754327;6247520 
8754329;6247517 
8753919;6247516 
8755353;6247517 
8754274;6247519 
8753809;6247514 
8754144;6247517 
8755237;6247518 
8753685;6247518 
8755829;6247515 
8754039;6247519 
8755007;6247516 
8754397;6247518 
8754655;6247519 
8753927;6247517 
8753886;6247516 
8754233;6247519 
8753625;6247517 
8754499;6247515 
8753747;6247517 
8755551;6247513 
8754034;6247516 
8755473;6247521 
8754204;6247516 
8754096;6247520 
8754102;6247520 
8754661;6247516 
8754870;6247522 
8754376;6247521 
8754403;6247516 
8754564;6247518 
8754758;6247516 
8755341;6247516 
8754160;6247515 
8754188;6247519 
8754482;6247515 
8753911;6247520 
8754915;6247514 
8754248;6247518 
8754651;6247517 
8754187;6247520 
8754321;6247514 
8755659;6247519 
8754235;6247520 
8754177;6247516 
8753751;6247520 
8754086;6247515 
8754523;6247518 
8756001;6247517 
8753898;6247514 
8754170;6247514 
8753846;6247519 
8754322;6247521 
8754158;6247517 
8754640;6247515 
8755196;6247519 
8755374;6247520 
8754489;6247519 
8753919;6247518 
8754247;6247516 
8754911;6247519 
8754954;6247517 
8754534;6247519 
8754576;6247515 
8756271;6247514 
8754061;6247515 
8753983;6247515 
8753922;6247521 
8754743;6247518 
8754144;6247515 
8754600;6247519 
8754822;6247521 
8754001;6247518 
8755602;6247514 
8754118;6247516 
8754075;6247515 
8754332;6247519 
8754453;6247517 
8754723;6247518 
8754690;6247522 
8754032;6247517 
8754118;6247513 
8754752;6247521 
8754189;6247516 
8754190;6247522 
8755799;6247524 
8755508;6247515 
8754145;6247516 
8755830;6247523 
8755182;6247516 
8754064;6247518 
8754284;6247519 
8754305;6247518 
8754460;6247514 
8753854;6247516 
8754264;6247520 
8754040;6247513 
8754160;6247516 
8753984;6247515 
8754156;6247518 
8754752;6247520 
8754453;6247521 
8754095;6247514 
8755220;6247522 
8754305;6247516 
8754725;6247516 
8754865;6247521 
8754651;6247518 
8753807;6247515 
8755384;6247520 
8755476;6247518 
8753931;6247516 
8754105;6247518 
8753978;6247516 
8753933;6247517 
8755060;6247520 
8755333;6247517 
8754187;6247519 
8755524;6247520 
8754188;6247521 
8755589;6247516 
8754275;6247523 
8755860;6247517 
8753645;6247517 
8754596;6247519 
8755206;6247517 
8753854;6247515 
8753583;6247522 
8753630;6247518 
8753985;6247516 
8754846;6247520 
8755827;6247520 
8754806;6247519 
8756804;6247519 
8755184;6247521 
8755030;6247516 
8755005;6247517 
8754352;6247520 
8754303;6247515 
8755178;6247515 
8754146;6247516 
8753723;6247513 
8757010;6247522 
8754609;6247524 
8755005;6247515 
8755150;6247519 
8754092;6247517 
8756681;6247516 
8755871;6247520 
8754304;6247517 
8754619;6247516 
8754716;6247518 
8756414;6247520 
8754294;6247517 
8753854;6247519 
8754009;6247515 
8754025;6247515 
8754541;6247519 
8754166;6247518 
8754006;6247516 
8755404;6247518 
8754036;6247516 
8753936;6247517 
8756262;6247520 
8753893;6247518 
8755441;6247519 
8755775;6247523 
8756915;6247516 
8757889;6247518 
8753715;6247517 
8753717;6247515 
8754282;6247515 
8755483;6247520 
8753929;6247517 
8753808;6247514 
8757183;6247519 
8753965;6247520 
8754023;6247517 
8755298;6247519 
8754449;6247515 
8755036;6247516 
8754092;6247519 
8756971;6247520 
8754237;6247515 
8755535;6247519 
8754048;6247517 
8753936;6247514 
8754578;6247519 
8754079;6247518 
8754918;6247516 
8755727;6247517 
8755371;6247520 
8754473;6247516 
8755881;6247524 
8756961;6247536 
8755196;6247516 
8754561;6247517 
8754344;6247518 
8754170;6247518 
8754833;6247517 
8755455;6247517 
8754544;6247514 
8754976;6247519 
8754286;6247518 
8754672;6247517 
8754788;6247520 
8754101;6247515 
8755417;6247519 
8754600;6247519 
8754932;6247516 
8754414;6247519 
8754580;6247519 
8755047;6247517 
8754741;6247517 
8754232;6247519 
8754154;6247518 
8754057;6247514 
8754022;6247517 
8757358;6247515 
8754725;6247515 
8754178;6247522 
8755312;6247518 
8755266;6247518 
8754969;6247519 
8754275;6247517 
8755063;6247514 
8754634;6247520 
8755212;6247519 
8755599;6247517 
8756344;6247521 
8754301;6247514 
8753837;6247515 
8754525;6247518 
8754193;6247515 
8754338;6247519 
8756022;6247521 
8753770;6247518 
8754342;6247516 
8756369;6247517 
8755738;6247524 
8754328;6247514 
8755063;6247521 
8754463;6247516 
8754026;6247515 
8755049;6247521 
8754835;6247516 
8754842;6247514 
8753930;6247522 
8754286;6247515 
8753934;6247516 
8755206;6247522 
8754389;6247520 
8754173;6247517 
8754327;6247519 
8754636;6247519 
8754111;6247516 
8755462;6247520 
8754560;6247519 
8754039;6247515 
8754694;6247524 
8755097;6247515 
8753761;6247513 
8755116;6247519 
8754862;6247518 
8754893;6247515 
8754398;6247518 
8755268;6247517 
8754783;6247518 
8754326;6247519 
8754105;6247515 
8754726;6247515 
8754427;6247518 
8754353;6247515 
8754341;6247515 
8754357;6247518 
8757814;6247520 
8754435;6247516 
8754743;6247522 
8756991;6247518 
8754027;6247512 
8754686;6247514 
8756419;6247516 
8754037;6247513 
8754446;6247521 
8753823;6247516 
8753933;6247517 
8753856;6247521 
8755542;6247521 
8755795;6247514 
8755494;6247524 
8754320;6247518 
8753872;6247518 
8755242;6247519 
8755202;6247520 
8753683;6247517 
8753835;6247515 
8754262;6247515 
8753837;6247517 
8754139;6247518 
8756406;6247520 
8754321;6247519 
8754340;6247520 
8754426;6247519 
8758480;6247514 
8756107;6247521 
8754762;6247521 
8754569;6247516 
8755154;6247521 
8756830;6247515 
8755335;6247515 
8754068;6247519 
8753660;6247516 
8753670;6247514 
8758018;6247521 
8754584;6247523 
8754006;6247517 
8755088;6247515 
8755488;6247517 
8753732;6247514 
8755761;6247511 
8754259;6247520 
8754629;6247515 
8754250;6247512 
8753979;6247517 
8754199;6247517 
8755775;6247513 
8754391;6247518 
8754000;6247515 
8754245;6247512 
8754526;6247515 
8754236;6247518 
8754713;6247514 
8754310;6247520 
8754154;6247515 
8753800;6247512 
8755971;6247518 
8753853;6247513 
8753641;6247514 
8754201;6247519 
8754300;6247513 
8754354;6247513 
8754038;6247521 
8756538;6247517 
8753896;6247511 
8754360;6247520 
8754089;6247518 
8753858;6247513 
8754286;6247523 
8755254;6247514 
8754181;6247510 
8754871;6247515 
8754209;6247515 
8755079;6247515 
8754368;6247523 
8754061;6247517 
8754107;6247515 
8754226;6247517 
8755619;6247521 
8754130;6247516 
8755776;6247520 
8756513;6247518 
8754617;6247514 
8754532;6247517 
8755792;6247516 
8755174;6247514 
8754411;6247523 
8753715;6247514 
8757666;6247512 
8754121;6247518 
8754565;6247516 
8754190;6247515 
8754011;6247520 
8754117;6247516 
8754422;6247515 
8754554;6247521 
8754057;6247516 
8754265;6247517 
8755596;6247517 
8754381;6247515 
8753896;6247515 
8754134;6247518 
8753613;6247515 
8754047;6247517 
8754989;6247524 
8755581;6247537 
8754096;6247515 
8755238;6247522 
8754247;6247513 
8754522;6247516 
8754435;6247523 
8753730;6247517 
8754328;6247514 
8755188;6247521 
8756081;6247516 
8754226;6247514 
8754686;6247517 
8753826;6247514 
8753830;6247515 
8753948;6247518 
8754070;6247516 
8755200;6247517 
8754273;6247519 
8754032;6247515 
8753949;6247516 
8755231;6247520 
8753762;6247518 
8754464;6247515 
8754254;6247520 
8755021;6247515 
8754074;6247520 
8753676;6247517 
8753767;6247516 
8754512;6247515 
8753851;6247519 
8755044;6247517 
8754324;6247517 
8754312;6247518 
8754131;6247515 
8754854;6247517 
8755032;6247517 
8754021;6247515 
8753954;6247518 
8756518;6247520 
8754680;6247514 
8754261;6247515 
8755725;6247520 
8754525;6247510 
8753761;6247514 
8753943;6247517 
8754580;6247510 
8754071;6247516 
8754843;6247520 
8754122;6247512 
8754202;6247516 
8755946;6247517 
8753862;6247511 
8754076;6247519 
8755339;6247521 
8755553;6247515 
8755289;6247516 
8754826;6247517 
8754366;6247512 
8753574;6247515 
8754572;6247518 
8753572;6247510 
8754150;6247514 
8754212;6247521 
8753974;6247518 
8754003;6247520 
8754343;6247525 
8754387;6247517 
8754489;6247517 
8755478;6247519 
8755683;6247518 
8755378;6247516 
8755260;6247516 
8756111;6247512 
8753868;6247514 
8755207;6247520 
8753903;6247514 
8755283;6247517 
8754850;6247517 
8753983;6247516 
8753960;6247514 
8754034;6247516 
8755264;6247522 
8754537;6247514 
8754680;6247518 
8754316;6247518 
8755431;6247517 
8757008;6247517 
8754027;6247524 
8754627;6247519 
8754096;6247518 
8754559;6247518 
8754294;6247513 
8754318;6247517 
8754109;6247516 
8753938;6247515 
8753618;6247515 
8754302;6247518 
8756351;6247514 
8754019;6247518 
8754065;6247518 
8754514;6247520 
8754154;6247519 
8754093;6247518 
8754231;6247516 
8754438;6247521 
8754374;6247516 
8753863;6247517 
8756239;6247517 
8754787;6247515 
8753948;6247514 
8756138;6247518 
8754015;6247518 
8754444;6247518 
8753817;6247519 
8754741;6247515 
8753921;6247517 
8754392;6247518 
8756165;6247515 
8756361;6247515 
8754686;6247522 
8754147;6247520 
8753825;6247520 
8754241;6247518 
8753857;6247515 
8754007;6247515 
8753882;6247516 
8753867;6247516 
8756386;6247516 
8756266;6247523 
8754904;6247517 
8753972;6247520 
8754508;6247518 
8754893;6247517 
8754661;6247515 
8754415;6247517 
8756333;6247524 
8754082;6247517 
8754073;6247522 
8754104;6247514 
8754180;6247514 
8754424;6247518 
8753911;6247517 
8754278;6247516 
8754267;6247517 
8754911;6247517 
8755504;6247516 
8756073;6247517 
8754280;6247518 
8754410;6247518 
8753946;6247521 
8755054;6247517 
8755860;6247517 
8754249;6247519 
8754417;6247515 
8754108;6247516 
8755042;6247522 
8759429;6247518 
8754936;6247516 
8754284;6247522 
8754034;6247524 
8755298;6247514 
8754705;6247517 
8754475;6247521 
8755586;6247515 
8754214;6247520 
8754676;6247515 
8753808;6247517 
8754310;6247519 
8753761;6247516 
8753730;6247514 
8754992;6247516 
8754757;6247516 
8754034;6247515 
8755901;6247518 
8755654;6247521 
8753974;6247517 
8754296;6247521 
8754684;6247518 
8754645;6247515 
8755614;6247521 
8756398;6247521 
8753864;6247512 
8754432;6247520 
8754551;6247522 
8753943;6247517 
8753963;6247521 
8753839;6247519 
8755179;6247517 
8754001;6247518 
8755298;6247524 
8754447;6247513 
8755108;6247521 
8755118;6247534 
8754288;6247516 
8754664;6247520 
8755403;6247521 
8753941;6247515 
8754507;6247521 
8754816;6247516 
8754385;6247516 
8754688;6247517 
8754393;6247517 
8753844;6247515 
8754424;6247515 
8754346;6247520 
8754078;6247512 
8755093;6247520 
8754157;6247524 
8756432;6247520 
8754968;6247518 
8754766;6247520 
8754942;6247516 
8753624;6247522 
8755117;6247517 
8753586;6247516 
8754438;6247518 
8754190;6247518 
8754157;6247517 
8754171;6247521 
8754231;6247519 
8755632;6247514 
8755270;6247522 
8754211;6247516 
8755258;6247516 
8754149;6247519 
8754338;6247520 
8753680;6247513 
8754058;6247516 
8754588;6247517 
8753777;6247512 
8754142;6247514 
8753724;6247523 
8753745;6247512 
8756984;6247526 
8754531;6247516 
8754226;6247514 
8756879;6247523 
8754385;6247518 
8756360;6247518 
8754421;6247516 
8755696;6247518 
8756616;6247514 
8756732;6247519 
8754314;6247519 
8754213;6247516 
8755032;6247517 
8754493;6247517 
8754230;6247514 
8754757;6247519 
8754984;6247517 
8754196;6247516 
8755069;6247520 
8756485;6247519 
8755886;6247517 
8755386;6247520 
8755790;6247523 
8754424;6247515 
8754575;6247516 
8755442;6247517 
8754251;6247516 
8755967;6247517 
8753951;6247515 
8754066;6247519 
8754257;6247517 
8753988;6247515 
8754143;6247517 
8754610;6247521 
8754999;6247516 
8755004;6247516 
8755537;6247516 
8755577;6247520 
8754379;6247515 
8753955;6247518 
8755295;6247517 
8753895;6247515 
8754509;6247516 
8753670;6247521 
8754261;6247514 
8754562;6247518 
8753958;6247515 
8754478;6247516 
8754748;6247515 
8754508;6247514 
8754057;6247514 
8756466;6247519 
8754855;6247512 
8755002;6247516 
8757364;6247520 
8754866;6247515 
8755077;6247515 
8754571;6247521 
8754719;6247517 
8753784;6247516 
8755259;6247520 
8755395;6247517 
8754194;6247515 
8755320;6247521 
8756275;6247517 
8754496;6247517 
8754535;6247518 
8756168;6247516 
8754102;6247517 
8755594;6247523 
8755210;6247525 
8753934;6247516 
8753849;6247521 
8755309;6247516 
8753740;6247513 
8754185;6247519 
8757647;6247517 
8753449;6247515 
8754361;6247519 
8754321;6247522 
8754103;6247515 
8755445;6247517 
8754643;6247521 
8754056;6247518 
8754426;6247516 
8754854;6247516 
8755020;6247516 
8754537;6247521 
8754240;6247520 
8753882;6247517 
8753850;6247516 
8753935;6247517 
8753955;6247517 
8754070;6247521 
8754946;6247521 
8753901;6247516 
8754430;6247522 
8755339;6247518 
8754834;6247522 
8755225;6247522 
8754493;6247518 
8753768;6247517 
8754160;6247519 
8754307;6247520 
8753781;6247515 
8754176;6247515 
8755236;6247515 
8753613;6247513 
8755204;6247524 
8754354;6247521 
8754129;6247516 
8754870;6247518 
8754368;6247520 
8755153;6247517 
8754501;6247521 
8754214;6247519 
8754070;6247517 
8755074;6247522 
8754562;6247518 
8753635;6247514 
8755846;6247515 
8754341;6247518 
8753934;6247517 
8756606;6247518 
8754599;6247521 
8753904;6247517 
8756581;6247516 
8754080;6247522 
8754247;6247516 
8754397;6247514 
8757277;6247522 
8753871;6247518 
8754032;6247514 
8753911;6247521 
8754090;6247515 
8754191;6247516 
8755391;6247518 
8753573;6247517 
8755349;6247518 
8754704;6247522 
8755120;6247519 
8754504;6247516 
8754739;6247520 
8754010;6247515 
8754267;6247514 
8754414;6247521 
8757167;6247515 
8754310;6247515 
8754141;6247520 
8754117;6247519 
8755066;6247514 
8754371;6247521 
8753906;6247515 
8753825;6247512 
8754448;6247519 
8755199;6247514 
8755054;6247516 
8753805;6247520 
8754043;6247518 
8756154;6247520 
8755269;6247519 
8754265;6247512 
8754314;6247512 
8753828;6247518 
8754803;6247513 
8753862;6247515 
8754257;6247518 
8753466;6247512 
8754379;6247515 
8754289;6247523 
8754458;6247513 
8754124;6247516 
8755765;6247520 
8754407;6247511 
8753885;6247516 
8754778;6247518 
8754150;6247510 
8754829;6247514 
8754136;6247514 
8754638;6247514 
8753927;6247517 
8754582;6247518 
8754638;6247514 
8753925;6247517 
8754327;6247518 
8755209;6247515 
8754400;6247518 
8754568;6247519 
8754273;6247517 
8754911;6247516 
8754809;6247515 
8753883;6247511 
8754315;6247514 
8754392;6247516 
8754551;6247513 
8754211;6247513 
8755334;6247522 
8754748;6247514 
8755046;6247518 
8754770;6247518 
8754382;6247520 
8754424;6247516 
8754792;6247524 
8754140;6247515 
8755100;6247516 
8757385;6247518 
8753965;6247517 
8754389;6247518 
8753997;6247520 
8754894;6247514 
8755596;6247514 
8754030;6247521 
8754236;6247520 
8755179;6247518 
8755123;6247520 
8754035;6247517 
8754766;6247521 
8755074;6247522 
8756443;6247514 
8754164;6247518 
8754991;6247518 
8754375;6247517 
8755323;6247516 
8756513;6247515 
8753568;6247516 
8754256;6247515 
8753755;6247520 
8754722;6247515 
8754582;6247521 
8753982;6247515 
8755789;6247513 
8754469;6247517 
8754854;6247517 
8755395;6247517 
8754382;6247520 
8754739;6247521 
8754002;6247516 
8754538;6247520 
8755840;6247515 
8754027;6247517 
8756117;6247517 
8754298;6247517 
8754137;6247516 
8755200;6247516 
8754149;6247515 
8755443;6247517 
8754595;6247516 
8757072;6247520 
8754131;6247515 
8754324;6247518 
8755036;6247520 
8754373;6247517 
8754377;6247521 
8754276;6247525 
8755068;6247518 
8754071;6247520 
8753859;6247516 
8753966;6247514 
8755097;6247519 
8754525;6247514 
8754326;6247518 
8755563;6247519 
8756728;6247513 
8754000;6247516 
8754242;6247517 
8754916;6247514 
8754406;6247515 
8754522;6247518 
8754003;6247516 
8756270;6247518 
8756267;6247522 
8753701;6247515 
8754432;6247513 
8754745;6247516 
8754746;6247512 
8754183;6247515 
8755397;6247523 
8755849;6247519 
8754591;6247520 
8757712;6247520 
8754415;6247518 
8754784;6247515 
8754019;6247521 
8754441;6247515 
8754856;6247517 
8754145;6247520 
8754167;6247515 
8754618;6247513 
8754458;6247520 
8754372;6247517 
8754279;6247514 
8755327;6247520 
8755190;6247516 
8754716;6247513 
8755248;6247519 
8754513;6247518 
8754584;6247520 
8754567;6247517 
8755519;6247519 
8753983;6247517 
8754407;6247517 
8755026;6247524 
8753847;6247515 
8754150;6247518 
8753869;6247520 
8753608;6247512 
8755492;6247522 
8755351;6247522 
8754391;6247515 
8755332;6247518 
8756092;6247518 
8754204;6247519 
8755677;6247517 
8754742;6247520 
8753928;6247518 
8754449;6247519 
8756532;6247524 
8753838;6247513 
8754685;6247518 
8754948;6247518 
8753866;6247513 
8754350;6247517 
8756124;6247520 
8753750;6247519 
8754234;6247520 
8754251;6247519 
8755497;6247518 
8754759;6247520 
8756140;6247514 
8754157;6247515 
8754497;6247519 
8753969;6247517 
8755835;6247513 
8755455;6247519 
8755272;6247516 
8753632;6247515 
8754093;6247516 
8753924;6247520 
8753819;6247517 
8754567;6247516 
8755713;6247532 
8758045;6247515 
8755620;6247516 
8754646;6247521 
8753754;6247518 
8754303;6247521 
8754500;6247514 
8753938;6247515 
8754652;6247515 
8755434;6247521 
8754161;6247517 
8754250;6247518 
8755666;6247519 
8755186;6247513 
8754385;6247519 
8754184;6247517 
8756777;6247518 
8755048;6247518 
8754588;6247519 
8754043;6247515 
8755256;6247516 
8755906;6247517 
8753680;6247515 
8753631;6247517 
8754347;6247517 
8756769;6247514 
8753825;6247519 
8755938;6247518 
8755119;6247515 
8754263;6247518 
8753941;6247520 
8755733;6247515 
8754575;6247515 
8755869;6247522 
8755402;6247514 
8754102;6247517 
8753984;6247515 
8753878;6247514 
8754652;6247518 
8755705;6247517 
8754010;6247518 
8755456;6247518 
8754289;6247516 
8754015;6247515 
8754884;6247518 
8754390;6247517 
8755848;6247515 
8754456;6247516 
8754457;6247523 
8753656;6247512 
8754751;6247518 
8755756;6247516 
8754036;6247515 
8754599;6247518 
8755089;6247517 
8753660;6247516 
8753761;6247515 
8754553;6247522 
8754437;6247513 
8754300;6247516 
8754687;6247519 
8753906;6247518 
8754077;6247516 
8754862;6247517 
8755271;6247515 
8753912;6247519 
8754504;6247515 
8754792;6247515 
8755119;6247516 
8756530;6247516 
8753594;6247515 
8754143;6247517 
8754065;6247520 
8755175;6247514 
8754572;6247522 
8754728;6247518 
8753940;6247513 
8754157;6247515 
8758708;6247518 
8754464;6247516 
8756416;6247518 
8757649;6247522 
8755164;6247515 
8755082;6247516 
8753807;6247516 
8753745;6247516 
8754238;6247517 
8754627;6247516 
8754127;6247513 
8754339;6247521 
8754157;6247516 
8753898;6247518 
8755418;6247518 
8754098;6247522 
8754933;6247518 
8755185;6247517 
8754059;6247520 
8754295;6247517 
8754800;6247510 
8754660;6247517 
8754319;6247518 
8754253;6247512 
8753913;6247519 
8754609;6247521 
8754581;6247513 
8753837;6247516 
8754810;6247522 
8754234;6247520 
8754167;6247516 
8756421;6247518 
8756158;6247519 
8755050;6247517 
8754476;6247523 
8754306;6247519 
8754200;6247515 
8755379;6247517 
8754059;6247512 
8754932;6247515 
8756021;6247520 
8755268;6247515 
8754280;6247515 
8755830;6247518 
8754439;6247515 
8753733;6247515 
8754477;6247521 
8754724;6247516 
8754198;6247513 
8754837;6247520 
8754064;6247517 
8754425;6247517 
8753735;6247519 
8753787;6247514 
8753727;6247517 
8755066;6247516 
8755474;6247515 
8754256;6247520 
8757723;6247520 
8754200;6247516 
8754695;6247516 
8753982;6247521 
8755316;6247518 
8755572;6247519 
8754787;6247515 
8755072;6247517 
8755022;6247521 
8754204;6247516 
8755289;6247516 
8753975;6247520 
8754301;6247514 
8754761;6247513 
8754172;6247517 
8753728;6247514 
8754095;6247513 
8754182;6247517 
8754006;6247515 
8754288;6247516 
8758603;6247517 
8754661;6247518 
8755875;6247515 
8754960;6247522 
8753800;6247519 
8754543;6247515 
8755234;6247517 
8754456;6247515 
8754133;6247516 
8755055;6247521 
8754190;6247517 
8755276;6247513 
8756997;6247520 
8754633;6247517 
8754389;6247515 
8757135;6247521 
8753953;6247519 
8754640;6247516 
8754398;6247520 
8754543;6247522 
8754368;6247518 
8755140;6247517 
8754133;6247515 
8753859;6247515 
8756077;6247521 
8755424;6247519 
8754071;6247517 
8754388;6247522 
8754610;6247514 
8754541;6247517 
8758454;6247520 
8755192;6247516 
8754240;6247515 
8756595;6247521 
8754468;6247518 
8753884;6247516 
8756674;6247520 
8754535;6247515 
8754094;6247514 
8755879;6247524 
8757071;6247519 
8754280;6247515 
8754818;6247518 
8755471;6247521 
8754476;6247515 
8754970;6247521 
8755241;6247524 
8754491;6247515 
8756048;6247517 
8757191;6247518 
8758760;6247515 
8754157;6247516 
8755023;6247515 
8753748;6247518 
8754447;6247517 
8754859;6247516 
8755255;6247514 
8754404;6247518 
8756016;6247517 
8754172;6247514 
8754042;6247521 
8754846;6247518 
8754106;6247517 
8754085;6247518 
8754692;6247520 
8753788;6247515 
8754603;6247517 
8755337;6247515 
8753671;6247515 
8756133;6247520 
8754797;6247518 
8754175;6247517 
8754503;6247523 
8754245;6247516 
8754445;6247517 
8755712;6247519 
8755984;6247517 
8754257;6247517 
8755704;6247516 
8754065;6247520 
8753921;6247515 
8754432;6247519 
8754643;6247515 
8753756;6247516 
8753701;6247519 
8755228;6247516 
8754181;6247518 
8754536;6247519 
8755954;6247520 
8754925;6247515 
8756159;6247518 
8755236;6247515 
8755498;6247514 
8754453;6247521 
8754681;6247523 
8754355;6247518 
8753761;6247518 
8754118;6247515 
8754773;6247513 
8754628;6247523 
8754680;6247518 
8754289;6247518 
8754049;6247518 
8754160;6247520 
8755795;6247515 
8754601;6247522 
8755255;6247519 
8755054;6247516 
8753904;6247519 
8754604;6247519 
8754787;6247517 
8756230;6247517 
8753965;6247519 
8753661;6247513 
8755859;6247520 
8754302;6247517 
8754407;6247519 
8754327;6247522 
8754200;6247520 
8753797;6247515 
8756941;6247520 
8754647;6247520 
8754930;6247518 
8754227;6247520 
8754626;6247518 
8756037;6247518 
8754093;6247516 
8753933;6247518 
8755991;6247516 
8755327;6247519 
8754326;6247516 
8754070;6247515 
8754160;6247518 
8754102;6247526 
8754058;6247520 
8753706;6247516 
8753935;6247517 
8754251;6247517 
8754083;6247515 
8755012;6247519 
8753981;6247520 
8753980;6247515 
8755667;6247519 
8754440;6247516 
8754097;6247517 
8754039;6247515 
8753968;6247519 
8754510;6247514 
8755071;6247519 
8754397;6247518 
8754160;6247512 
8755794;6247516 
8753702;6247518 
8754091;6247514 
8755824;6247519 
8754643;6247516 
8755028;6247515 
8755022;6247521 
8754099;6247515 
8753765;6247520 
8755310;6247516 
8754288;6247519 
8754144;6247518 
8755366;6247518 
8754091;6247516 
8753627;6247517 
8754033;6247515 
8754482;6247514 
8754472;6247517 
8755315;6247517 
8754810;6247522 
8754494;6247517 
8755309;6247514 
8755033;6247515 
8754334;6247517 
8755684;6247518 
8753670;6247519 
8754045;6247516 
8756716;6247521 
8753833;6247516 
8754503;6247518 
8756105;6247518 
8753834;6247517 
8753971;6247519 
8754452;6247518 
8754455;6247527 
8754129;6247519 
8754278;6247522 
8755068;6247519 
8754901;6247516 
8755767;6247520 
8756713;6247515 
8753872;6247516 
8756156;6247517 
8753700;6247516 
8754560;6247518 
8756846;6247521 
8754324;6247516 
8757596;6247519 
8760090;6247517 
8753936;6247514 
8754206;6247517 
8756116;6247524 
8754211;6247516 
8755193;6247519 
8755097;6247520 
8754831;6247518 
8755044;6247516 
8758177;6247520 
8754416;6247521 
8754026;6247515 
8754258;6247518 
8754012;6247514 
8754250;6247515 
8754627;6247524 
8754045;6247517 
8754333;6247519 
8755530;6247521 
8755505;6247518 
8754159;6247519 
8754500;6247520 
8754866;6247516 
8754808;6247514 
8755333;6247518 
8755031;6247518 
8754973;6247516 
8753886;6247519 
8754174;6247513 
8754063;6247515 
8754383;6247520 
8757324;6247533 
8754526;6247518 
8755349;6247520 
8754301;6247523 
8753875;6247516 
8754038;6247525 
8753963;6247516 
8754882;6247514 
8754717;6247519 
8755409;6247516 
8754631;6247519 
8756413;6247517 
8753984;6247513 
8754106;6247514 
8754363;6247520 
8755249;6247516 
8754297;6247515 
8754314;6247519 
8755650;6247519 
8754195;6247516 
8755195;6247518 
8754388;6247516 
8757578;6247514 
8754901;6247518 
8754251;6247519 
8754205;6247514 
8755243;6247515 
8753831;6247516 
8754649;6247513 
8755325;6247518 
8754519;6247518 
8754011;6247519 
8755773;6247518 
8754047;6247520 
8755924;6247515 
8754066;6247516 
8754555;6247516 
8754066;6247514 
8755967;6247523 
8754607;6247517 
8754073;6247517 
8754502;6247514 
8754257;6247512 
8754195;6247514 
8756029;6247523 
8754242;6247516 
8754608;6247515 
8755255;6247523 
8754224;6247518 
8755479;6247516 
8754393;6247517 
8754593;6247518 
8755373;6247517 
8754723;6247518 
8754352;6247515 
8754046;6247516 
8755076;6247522 
8753922;6247512 
8754158;6247511 
8755086;6247519 
8753875;6247516 
8755970;6247514 
8754433;6247521 
8753871;6247515 
8753963;6247513 
8754383;6247521 
8754235;6247515 
8754511;6247516 
8754565;6247521 
8754742;6247518 
8754815;6247513 
8755707;6247519 
8753831;6247513 
8754491;6247514 
8754571;6247522 
8754668;6247524 
8754526;6247515 
8754099;6247522 
8754518;6247516 
8753705;6247512 
8756194;6247518 
8754225;6247518 
8755274;6247512 
8756694;6247518 
8754110;6247517 
8754804;6247511 
8754449;6247519 
8754193;6247515 
8753651;6247512 
8755736;6247519 
8754123;6247518 
8754268;6247512 
8754952;6247519 
8755076;6247518 
8753983;6247514 
8755674;6247520 
8754071;6247517 
8754971;6247512 
8754455;6247522 
8754102;6247516 
8753839;6247514 
8754755;6247518 
8753852;6247512 
8755193;6247513 
8754137;6247521 
8753835;6247515 
8753999;6247515 
8754108;6247522 
8754284;6247516 
8753939;6247516 
8756016;6247516 
8754272;6247514 
8753815;6247518 
8755328;6247522 
8756881;6247516 
8754068;6247517 
8755078;6247518 
8754466;6247513 
8754184;6247512 
8753694;6247517 
8753946;6247517 
8753911;6247517 
8754073;6247518 
8754003;6247517 
8754194;6247515 
8754536;6247517 
8754486;6247517 
8756002;6247515 
8755161;6247515 
8755066;6247516 
8754633;6247516 
8755392;6247517 
8753819;6247515 
8753850;6247515 
8754155;6247518 
8755059;6247515 
8753920;6247517 
8754562;6247518 
8754321;6247517 
8754079;6247518 
8754080;6247522 
8754689;6247516 
8754323;6247514 
8754589;6247519 
8754306;6247518 
8756220;6247516 
8754063;6247516 
8754191;6247514 
8756432;6247513 
8755061;6247519 
8754021;6247511 
8754937;6247519 
8755784;6247520 
8753788;6247515 
8753835;6247515 
8755376;6247523 
8753939;6247515 
8754631;6247516 
8756492;6247522 
8754504;6247515 
8753966;6247516 
8754648;6247518 
8755818;6247512 
8754209;6247516 
8753701;6247519 
8754896;6247514 
8754062;6247517 
8754554;6247524 
8754205;6247512 
8754351;6247514 
8755629;6247522 
8754605;6247514 
8753908;6247518 
8754895;6247518 
8753796;6247514 
8754172;6247518 
8754248;6247521 
8754212;6247518 
8753959;6247517 
8753743;6247518 
8753591;6247513 
8753829;6247514 
8754823;6247522 
8755032;6247515 
8753989;6247515 
8754599;6247520 
8753974;6247512 
8754900;6247516 
8754832;6247520 
8755705;6247517 
8757415;6247518 
8754247;6247522 
8754942;6247515 
8754194;6247517 
8754398;6247516 
8754592;6247513 
8753958;6247514 
8754407;6247521 
8756578;6247519 
8755708;6247516 
8754317;6247517 
8755232;6247516 
8754081;6247520 
8755425;6247518 
8754387;6247518 
8753956;6247517 
8754646;6247520 
8754867;6247519 
8754157;6247522 
8755093;6247518 
8754028;6247514 
8754261;6247515 
8754090;6247515 
8754087;6247520 
8754274;6247518 
8754288;6247518 
8757419;6247521 
8754479;6247516 
8755683;6247520 
8754460;6247516 
8755069;6247517 
8754590;6247518 
8754043;6247518 
8754339;6247519 
8753909;6247513 
8753911;6247515 
8754428;6247517 
8753950;6247514 
8754558;6247516 
8753793;6247521 
8755470;6247519 
8754495;6247517 
8755383;6247517 
8754510;6247518 
8755897;6247513 
8755960;6247523 
8755484;6247515 
8754463;6247516 
8754529;6247518 
8754840;6247515 
8753772;6247516 
8754333;6247522 
8754270;6247513 
8754839;6247512 
8754853;6247521 
8754006;6247517 
8754369;6247518 
8754455;6247518 
8754309;6247514 
8753853;6247518 
8755267;6247515 
8754341;6247523 
8755411;6247516 
8755111;6247522 
8754403;6247520 
8753815;6247515 
8754199;6247516 
8754100;6247517 
8754222;6247513 
8755335;6247520 
8754262;6247518 
8754096;6247516 
8754890;6247520 
8753961;6247517 
8754613;6247517 
8754319;6247519 
8754607;6247519 
8754532;6247515 
8754588;6247522 
8754053;6247516 
8753535;6247514 
8753708;6247519 
8754852;6247519 
8754394;6247517 
8754596;6247521 
8754153;6247517 
8753861;6247519 
8756141;6247520 
8754805;6247518 
8754959;6247517 
8757085;6247520 
8754103;6247521 
8754990;6247516 
8755317;6247521 
8755343;6247519 
8755638;6247515 
8753776;6247516 
8755115;6247521 
8753987;6247513 
8754578;6247517 
8754841;6247518 
8753895;6247518 
8755860;6247518 
8754266;6247518 
8755565;6247516 
8754470;6247519 
8755151;6247516 
8754300;6247514 
8756943;6247524 
8753969;6247516 
8754821;6247515 
8755042;6247515 
8754034;6247518 
8754975;6247517 
8755870;6247516 
8754577;6247519 
8754394;6247517 
8755353;6247519 
8754320;6247517 
8754023;6247518 
8754682;6247518 
8754599;6247526 
8755265;6247517 
8756459;6247516 
8754219;6247516 
8755142;6247514 
8755602;6247516 
8754152;6247522 
8753720;6247516 
8755052;6247516 
8756727;6247517 
8754326;6247513 
8754388;6247517 
8754679;6247521 
8754913;6247514 
8755823;6247514 
8754105;6247521 
8755252;6247517 
8755894;6247520 
8754172;6247518 
8754345;6247514 
8753928;6247514 
8755008;6247522 
8754200;6247514 
8754451;6247516 
8756880;6247523 
8755965;6247516 
8754473;6247514 
8755512;6247517 
8753892;6247516 
8755325;6247515 
8754276;6247520 
8754711;6247513 
8754535;6247516 
8755461;6247521 
8754087;6247512 
8754911;6247516 
8754416;6247514 
8753999;6247513 
8754231;6247515 
8756416;6247519 
8753953;6247513 
8755355;6247516 
8754702;6247520 
8753709;6247512 
8756818;6247516 
8754139;6247515 
8753775;6247513 
8753841;6247514 
8754335;6247520 
8754419;6247516 
8754067;6247516 
8755397;6247519 
8753859;6247516 
8754981;6247513 
8754835;6247520 
8756072;6247517 
8754094;6247518 
8755032;6247519 
8754650;6247517 
8754117;6247514 
8754395;6247516 
8753955;6247515 
8753769;6247514 
8754313;6247523 
8754060;6247518 
8754176;6247520 
8754235;6247518 
8755084;6247523 
8754349;6247516 
8754029;6247520 
8755000;6247522 
8756588;6247516 
8754639;6247520 
8756581;6247521 
8754108;6247517 
8755195;6247518 
8753943;6247519 
8755345;6247516 
8753707;6247519 
8755146;6247516 
8754195;6247518 
8754713;6247521 
8755667;6247520 
8754366;6247516 
8754653;6247519 
8756972;6247523 
8754977;6247517 
8756216;6247519 
8754262;6247518 
8753822;6247519 
8754337;6247516 
8754466;6247520 
8754477;6247514 
8755166;6247515 
8754981;6247521 
8753888;6247516 
8754329;6247517 
8753904;6247517 
8753880;6247517 
8754118;6247520 
8755235;6247520 
8754071;6247519 
8755020;6247516 
8755606;6247520 
8755395;6247517 
8754734;6247517 
8754285;6247516 
8756932;6247512 
8753668;6247518 
8755264;6247518 
8754066;6247518 
8754434;6247521 
8754226;6247519 
8755369;6247515 
8754259;6247516 
8754538;6247522 
8756480;6247516 
8755554;6247520 
8754461;6247519 
8754347;6247517 
8754719;6247517 
8754419;6247516 
8753772;6247514 
8755240;6247515 
8753696;6247514 
8754017;6247515 
8753963;6247518 
8755450;6247518 
8755426;6247516 
8754300;6247518 
8753831;6247515 
8755121;6247519 
8755101;6247518 
8754813;6247516 
8753929;6247517 
8754427;6247519 
8753889;6247519 
8753834;6247513 
8754493;6247518 
8755678;6247519 
8753849;6247515 
8756315;6247525 
8755754;6247515 
8754755;6247516 
8755686;6247519 
8755760;6247519 
8754418;6247517 
8755551;6247519 
8755440;6247518 
8754462;6247518 
8754410;6247522 
8755031;6247516 
8753846;6247513 
8754234;6247518 
8753840;6247515 
8753585;6247514 
8753762;6247514 
8755936;6247519 
8754303;6247519 
8754293;6247520 
8755636;6247521 
8754023;6247517 
8755037;6247518 
8754462;6247522 
8754746;6247519 
8754780;6247521 
8753987;6247519 
8756351;6247515 
8754431;6247517 
8754920;6247519 
8754516;6247518 
8753872;6247518 
8754799;6247518 
8754114;6247515 
8755084;6247520 
8755575;6247518 
8754440;6247514 
8754566;6247522 
8757219;6247522 
8753920;6247515 
8757140;6247518 
8754378;6247519 
8756220;6247519 
8754959;6247521 
8754212;6247519 
8753926;6247515 
8754020;6247520 
8755383;6247523 
8754246;6247520 
8755040;6247520 
8754127;6247524 
8754520;6247517 
8754268;6247518 
8754478;6247524 
8754257;6247515 
8754715;6247516 
8753981;6247517 
8754851;6247519 
8754769;6247518 
8754197;6247515 
8755938;6247517 
8754058;6247514 
8757323;6247518 
8754544;6247515 
8754642;6247518 
8755507;6247520 
8754445;6247521 
8754641;6247519 
8754374;6247521 
8754376;6247513 
8754726;6247522 
8754206;6247521 
8754792;6247515 
8754057;6247516 
8754136;6247518 
8753689;6247517 
8755507;6247517 
8755744;6247520 
8754176;6247517 
8754568;6247521 
8756506;6247520 
8754138;6247519 
8754747;6247522 
8754040;6247515 
8753958;6247516 
8755613;6247523 
8755681;6247520 
8754398;6247517 
9197613;6247517 
9264981;6247516 
8819951;6247518 
8754976;6247522 
8755594;6247515 
8754350;6247513 
8754637;6247522 
8753889;6247513 
8754873;6247515 
8754538;6247517 
8754696;6247512 
8753748;6247514 
8756223;6247517 
8754311;6247511 
8754287;6247517 
8754325;6247521 
8754284;6247514 
8754059;6247513 
8755027;6247517 
8754665;6247514 
8754244;6247517 
8754256;6247516 
8754154;6247516 
8755812;6247514 
8754425;6247519 
8754116;6247515 
8753986;6247516 
8753960;6247517 
8754468;6247513 
8753768;6247513 
8754226;6247524 
8754953;6247514 
8754070;6247518 
8755924;6247518 
8756443;6247518 
8754135;6247516 
8754813;6247538 
8755065;6247517 
8753816;6247516 
8756423;6247520 
8755125;6247517 
8754993;6247517 
8754365;6247517 
8753765;6247515 
8753793;6247513 
8754973;6247516 
8754460;6247518 
8754439;6247517 
8754418;6247522 
8753949;6247514 
8754359;6247520 
8755900;6247517 
8756009;6247514 
8755786;6247516 
8754472;6247519 
8754497;6247519 
8756629;6247518 
8754679;6247518 
8754977;6247515 
8753972;6247515 
8755169;6247517 
8753720;6247511 
8754313;6247514 
8753749;6247519 
8754566;6247516 
8755553;6247520 
8755326;6247518 
8754036;6247516 
8755051;6247514 
8754591;6247516 
8756034;6247521 
8754809;6247515 
8754627;6247521 
8754318;6247515 
8754148;6247518 
8755033;6247519 
8754435;6247515 
8754411;6247514 
8754334;6247518 
8753899;6247515 
8755791;6247517 
8754387;6247520 
8754482;6247513 
8754028;6247518 
8754307;6247517 
8754346;6247514 
8755395;6247518 
8754213;6247525 
8755471;6247517 
8756349;6247519 
8753588;6247514 
8754104;6247514 
8755556;6247516 
8754010;6247518 
8753779;6247515 
8754444;6247517 
8754820;6247522 
8754601;6247520 
8755505;6247520 
8754721;6247516 
8754089;6247520 
8754413;6247519 
8754043;6247515 
8753884;6247516 
8754889;6247517 
8756701;6247518 
8753680;6247515 
8754700;6247516 
8753957;6247515 
8753993;6247516 
8754504;6247519 
8754496;6247515 
8755129;6247516 
8754241;6247517 
8754678;6247516 
8754270;6247514 
8754183;6247519 
8754114;6247515 
8755924;6247516 
8757311;6247523 
8754148;6247514 
8754361;6247515 
8755670;6247521 
8753723;6247516 
8753471;6247514 
8755443;6247517 
8754130;6247514 
8753948;6247515 
8755667;6247516 
8754988;6247518 
8754386;6247515 
8757098;6247520 
8754742;6247519 
8754862;6247517 
8754412;6247518 
8756614;6247516 
8754315;6247517 
8756096;6247519 
8754655;6247516 
8753814;6247516 
8753690;6247514 
8755174;6247519 
8753846;6247517 
8754274;6247520 
8754501;6247521 
8754865;6247514 
8754272;6247520 
8755288;6247517 
8753900;6247513 
8754334;6247520 
8754640;6247521 
8754311;6247517 
8756523;6247517 
8756223;6247519 
8753815;6247517 
8754137;6247516 
8754334;6247519 
8754285;6247519 
8754724;6247519 
8754452;6247516 
8753821;6247519 
8754804;6247517 
8755127;6247524 
8754985;6247514 
8755187;6247514 
8754696;6247516 
8753729;6247518 
8757479;6247520 
8755298;6247516 
8754135;6247515 
8754682;6247519 
8754618;6247519 
8753924;6247516 
8754137;6247515 
8754079;6247521 
8754361;6247516 
8755406;6247515 
8754768;6247519 
8756647;6247519 
8754338;6247519 
8754362;6247520 
8753898;6247519 
8754917;6247516 
8755457;6247521 
8756549;6247514 
8753746;6247514 
8754000;6247519 
8754168;6247515 
8753934;6247516 
8755733;6247521 
8753998;6247513 
8755740;6247519 
8754032;6247517 
8754420;6247518 
8755881;6247519 
8754964;6247525 
8754039;6247517 
8754518;6247519 
8754205;6247518 
8754501;6247514 
8754377;6247512 
8753957;6247522 
8754126;6247513 
8754579;6247516 
8754906;6247520 
8754136;6247520 
8755820;6247519 
8754302;6247520 
8754195;6247518 
8756211;6247519 
8755357;6247520 
8754051;6247516 
8753909;6247516 
8753886;6247519 
8754749;6247514 
8756235;6247516 
8754976;6247517 
8753827;6247514 
8754627;6247525 
8754247;6247519 
8754763;6247518 
8755211;6247518 
8754447;6247519 
8754274;6247516 
8754108;6247520 
8755382;6247518 
8754868;6247516 
8755882;6247537 
8754764;6247522 
8753925;6247516 
8754679;6247516 
8754191;6247518 
8753557;6247515 
8755013;6247517 
8754527;6247518 
8754451;6247516 
8754707;6247520 
8754542;6247520 
8754662;6247516 
8755364;6247519 
8754049;6247519 
8754373;6247516 
8755169;6247523 
8753958;6247519 
8754502;6247513 
8754447;6247520 
8753959;6247515 
8754640;6247513 
8755901;6247521 
8755064;6247515 
8755150;6247519 
8754617;6247518 
8753875;6247515 
8754069;6247517 
8756729;6247519 
8753873;6247516 
8755182;6247518 
8757135;6247520 
8754078;6247516 
8754097;6247517 
8755160;6247516 
8753984;6247514 
8754466;6247516 
8754474;6247521 
8754132;6247517 
8755340;6247517 
8755446;6247522 
8754172;6247516 
8753929;6247517 
8754265;6247520 
8754213;6247518 
8754647;6247517 
8755999;6247519 
8754418;6247516 
8757176;6247516 
8754686;6247516 
8754063;6247513 
8755188;6247515 
8754411;6247516 
8755043;6247528 
8755164;6247518 
8754111;6247517 
8754342;6247516 
8754307;6247515 
8753936;6247517 
8754599;6247516 
8754139;6247514 
8753668;6247513 
8754021;6247517 
8754519;6247515 
8753949;6247519 
8754118;6247524 
8754933;6247518 
8755129;6247514 
8755496;6247522 
8754568;6247515 
8755009;6247517 
8754763;6247519 
8754106;6247519 
8756058;6247517 
8756625;6247519 
8754367;6247516 
8755899;6247515 
8754327;6247517 
8754332;6247516 
8753913;6247519 
8755025;6247519 
8753965;6247514 
8754535;6247515 
8754806;6247516 
8753856;6247516 
8754033;6247520 
8754900;6247517 
8757284;6247517 
8754200;6247517 
8755550;6247515 
8754347;6247515 
8755190;6247521 
8753735;6247514 
8753520;6247514 
8754647;6247519 
8754563;6247518 
8754408;6247516 
8754095;6247524 
8755053;6247517 
8754694;6247514 
8755859;6247520 
8754818;6247520 
8754373;6247519 
8754202;6247519 
8756058;6247515 
8754381;6247515 
8754457;6247520 
8755429;6247516 
8754418;6247512 
8754354;6247521 
8754161;6247519 
8755756;6247516 
8755189;6247519 
8756191;6247518 
8754645;6247516 
8755906;6247519 
8756166;6247521 
8754456;6247516 
8754308;6247516 
8755696;6247518 
8755052;6247517 
8754417;6247517 
8753901;6247520 
8753716;6247515 
8754311;6247521 
8757227;6247521 
8753873;6247515 
8754281;6247520 
8754276;6247523 
8753858;6247514 
8754076;6247521 
8754565;6247521 
8754989;6247516 
8754392;6247524 
8756072;6247520 
8754194;6247515 
8755217;6247520 
8755974;6247519 
8754305;6247514 
8754586;6247517 
8754668;6247519 
8753982;6247515 
8756266;6247519 
8754570;6247520 
8754650;6247516 
8756561;6247516 
8755097;6247517 
8754397;6247516 
8755099;6247519 
8754148;6247520 
8755044;6247515 
8755683;6247516 
8754676;6247518 
8755172;6247514 
8754012;6247517 
8754140;6247517 
8754042;6247517 
8754307;6247517 
8754463;6247517 
8754132;6247516 
8754563;6247522 
8754687;6247522 
8753747;6247517 
8754678;6247516 
8753958;6247522 
8754081;6247516 
8757790;6247513 
8754090;6247517 
8753459;6247512 
8754274;6247518 
8754362;6247520 
8754438;6247516 
8753896;6247516 
8754050;6247518 
8754318;6247517 
8754136;6247518 
8756043;6247519 
8754480;6247514 
8754643;6247516 
8754794;6247524 
8754319;6247513 
8754422;6247516 
8753835;6247519 
8755009;6247513 
8754031;6247519 
8754014;6247516 
8753891;6247513 
8753753;6247519 
8755334;6247522 
8753778;6247516 
8754236;6247518 
8754142;6247516 
8754538;6247517 
8753987;6247520 
8754158;6247516 
8754682;6247515 
8755560;6247538 
8754514;6247521 
8753775;6247516 
8754134;6247519 
8753578;6247514 
8754173;6247513 
8754695;6247515 
8754179;6247521 
8753991;6247518 
8755250;6247519 
8754123;6247518 
8755130;6247515 
8753940;6247522 
8756207;6247518 
8754285;6247516 
8755486;6247517 
8755767;6247516 
8753924;6247515 
8754002;6247517 
8755481;6247517 
8754092;6247515 
8754661;6247518 
8755393;6247515 
8754160;6247516 
8755324;6247522 
8754056;6247516 
8754734;6247517 
8754207;6247520 
8753798;6247516 
8754525;6247521 
8756009;6247522 
8755101;6247517 
8753961;6247516 
8754439;6247517 
8754808;6247515 
8753672;6247516 
8757625;6247523 
8754155;6247517 
8754086;6247515 
8754609;6247521 
8755493;6247516 
8754127;6247518 
8755577;6247522 
8754168;6247515 
8754389;6247515 
8754755;6247518 
8754179;6247514 
8753992;6247513 
8754045;6247518 
8753604;6247519 
8753855;6247516 
8753840;6247518 
8754363;6247518 
8754946;6247514 
8754522;6247520 
8754525;6247517 
8754290;6247513 
8755893;6247517 
8753826;6247518 
8754323;6247512 
8755408;6247524 
8754330;6247514 
8755057;6247513 
8754413;6247515 
8753948;6247514 
8754017;6247512 
8754107;6247518 
8754122;6247518 
8755107;6247513 
8755803;6247518 
8754339;6247516 
8754072;6247511 
8754477;6247519 
8754982;6247519 
8754010;6247514 
8754530;6247519 
8754375;6247517 
8754065;6247514 
8754330;6247520 
8754645;6247514 
8754022;6247510 
8754078;6247516 
8753791;6247514 
8754644;6247516 
8755246;6247522 
8753946;6247515 
8754515;6247515 
8754989;6247519 
8754157;6247515 
8753929;6247515 
8754362;6247517 
8757102;6247516 
8754066;6247516 
8755688;6247520 
8753809;6247514 
8754337;6247515 
8753771;6247518 
8755364;6247516 
8754231;6247516 
8754132;6247521 
8754536;6247518 
8753721;6247517 
8755807;6247521 
8753856;6247516 
8754675;6247518 
8755981;6247518 
8754158;6247516 
8755528;6247515 
8754315;6247522 
8754142;6247517 
8754437;6247515 
8754028;6247521 
8753866;6247516 
8754010;6247520 
8753981;6247516 
8754460;6247516 
8754122;6247516 
8753932;6247522 
8753858;6247515 
8754335;6247519 
8754060;6247523 
8754185;6247516 
8755352;6247516 
8754476;6247520 
8755006;6247517 
8754241;6247514 
8754108;6247519 
8753811;6247510 
8755198;6247513 
8755754;6247519 
8754381;6247511 
8754063;6247513 
8754106;6247516 
8754034;6247511 
8753894;6247515 
8755899;6247523 
8754904;6247515 
8754273;6247516 
8754965;6247521 
8754456;6247516 
8754346;6247518 
8755121;6247520 
8754567;6247514 
8755158;6247517 
8754266;6247517 
8754506;6247512 
8754492;6247514 
8754147;6247517 
8754144;6247515 
8754317;6247517 
8754154;6247522 
8754125;6247516 
8755701;6247515 
8754322;6247519 
8754193;6247515 
8753915;6247515 
8753959;6247519 
8754675;6247519 
8753877;6247516 
8754207;6247523 
8755040;6247516 
8754068;6247515 
8754109;6247514 
8753903;6247517 
8753952;6247518 
8754345;6247518 
8755088;6247517 
8755709;6247518 
8755977;6247520 
8754523;6247517 
8755984;6247520 
8754079;6247517 
8755890;6247515 
8754559;6247519 
8756006;6247517 
8753876;6247515 
8755828;6247516 
8754099;6247514 
8754488;6247512 
8754125;6247518 
8754031;6247516 
8755359;6247516 
8754465;6247518 
8753975;6247515 
8754628;6247516 
8754272;6247524 
8754113;6247515 
8755306;6247516 
8753854;6247523 
8754928;6247517 
8754525;6247516 
8754637;6247518 
8753985;6247516 
8754229;6247517 
8754403;6247516 
8754960;6247519 
8754149;6247513 
8754168;6247522 
8754174;6247513 
8753709;6247517 
8754272;6247522 
8754053;6247520 
8754420;6247515 
8755027;6247519 
8754379;6247519 
8754053;6247517 
8754032;6247522 
8754239;6247519 
8753816;6247513 
8754173;6247518 
8754654;6247519 
8754806;6247517 
8755506;6247518 
8756028;6247520 
8754440;6247518 
8754819;6247521 
8755275;6247519 
8754443;6247515 
8755756;6247519 
8754795;6247519 
8754159;6247516 
8754441;6247516 
8755007;6247516 
8754214;6247514 
8754141;6247514 
8755800;6247519 
8754066;6247515 
8754413;6247521 
8754107;6247519 
8753845;6247518 
8753800;6247521 
8756141;6247518 
8755501;6247517 
8754775;6247520 
8755707;6247518 
8754054;6247515 
8755420;6247523 
8754057;6247520 
8753811;6247514 
8754054;6247516 
8753667;6247516 
8754024;6247516 
8754063;6247521 
8754758;6247517 
8754290;6247518 
8754103;6247521 
8755123;6247519 
8754687;6247516 
8755451;6247527 
8754679;6247523 
8754261;6247515 
8755166;6247521 
8754415;6247518 
8753810;6247516 
8754091;6247517 
8757110;6247519 
8753812;6247517 
8756536;6247516 
8754226;6247525 
8754400;6247517 
8754233;6247518 
8754193;6247517 
8753827;6247519 
8754409;6247524 
8761548;6247521 
8754033;6247518 
8757180;6247514 
8754900;6247515 
8753770;6247515 
8754482;6247524 
8755050;6247519 
8753859;6247516 
8755157;6247526 
8754817;6247520 
8754852;6247517 
8754881;6247521 
8755801;6247518 
8754048;6247517 
8754406;6247520 
8754377;6247518 
8754859;6247520 
8754049;6247522 
8753772;6247516 
8753849;6247514 
8756571;6247517 
8755045;6247517 
8753949;6247516 
8754031;6247517 
8754774;6247517 
8754699;6247516 
8754618;6247518 
8755902;6247519 
8753703;6247517 
8754396;6247518 
8754555;6247516 
8754573;6247514 
8755365;6247517 
8754337;6247519 
8753962;6247514 
8754362;6247515 
8753773;6247519 
8754307;6247518 
8753997;6247516 
8754542;6247520 
8755200;6247516 
8754533;6247515 
8754222;6247520 
8754138;6247518 
8754752;6247517 
8755563;6247517 
8754369;6247519 
8755778;6247517 
8754545;6247522 
8754170;6247513 
8754345;6247519 
8754005;6247517 
8754011;6247514 
8755633;6247518 
8754250;6247519 
8754035;6247518 
8755795;6247520 
8755216;6247519 
8754606;6247516 
8754859;6247514 
8753893;6247519 
8755136;6247514 
8753947;6247518 
8754290;6247513 
8755248;6247514 
8753884;6247515 
8754360;6247518 
8754074;6247517 
8755701;6247516 
8754658;6247516 
8754687;6247520 
8755458;6247518 
8754100;6247515 
8755250;6247521 
8753863;6247518 
8754321;6247520 
8753935;6247523 
8754597;6247514 
8753807;6247512 
8756671;6247519 
8753944;6247515 
8753955;6247512 
8754849;6247519 
8755789;6247512 
8754245;6247517 
8754449;6247519 
8754820;6247513 
8753738;6247517 
8756541;6247518 
8753825;6247513 
8755732;6247516 
8754570;6247525 
8754580;6247513 
8754564;6247516 
8754926;6247514 
8753703;6247510 
8754307;6247517 
8754457;6247517 
8756393;6247511 
8754604;6247515 
8754255;6247518 
8754100;6247513 
8754283;6247517 
8754345;6247519 
8754037;6247511 
8754403;6247514 
8755476;6247518 
8755750;6247516 
8753882;6247515 
8755461;6247517 
8754399;6247514 
8754411;6247515 
8753774;6247520 
8755189;6247514 
8755889;6247515 
8754200;6247523 
8754475;6247514 
8753846;6247518 
8755140;6247536 
8755823;6247517 
8754087;6247518 
8755643;6247523 
8755085;6247515 
8753654;6247516 
8755805;6247522 
8754953;6247513 
8753727;6247517 
8754273;6247516 
8753992;6247516 
8754512;6247517 
8754231;6247519 
8754315;6247517 
8755608;6247517 
8753968;6247518 
8754611;6247515 
8754153;6247519 
8754844;6247518 
8754487;6247515 
8754291;6247520 
8754698;6247520 
8753518;6247516 
8755051;6247521 
8753759;6247516 
8754098;6247513 
8754050;6247525 
8754301;6247518 
8753880;6247519 
8754272;6247521 
8754437;6247517 
8754345;6247516 
8755676;6247519 
8755228;6247517 
8753881;6247515 
8753822;6247521 
8754140;6247516 
8754977;6247517 
8754507;6247516 
8756624;6247515 
8755409;6247517 
8754043;6247516 
8754044;6247517 
8753953;6247521 
8754335;6247518 
8754629;6247521 
8755367;6247514 
8754661;6247517 
8754895;6247520 
8754327;6247518 
8754232;6247521 
8756721;6247520 
8754255;6247517 
8754001;6247515 
8753900;6247517 
8753511;6247515 
8754375;6247518 
8754267;6247518 
8753876;6247517 
8754983;6247519 
8754430;6247519 
8753717;6247515 
8755810;6247517 
8754677;6247519 
8754237;6247517 
8757201;6247520 
8754569;6247519 
8753932;6247516 
8756072;6247518 
8754553;6247518 
8754044;6247514 
8755933;6247518 
8754160;6247515 
8754213;6247514 
8754104;6247519 
8754008;6247520 
8754260;6247518 
8754766;6247521 
8754139;6247524 
8754166;6247514 
8754758;6247522 
8754276;6247519 
8754968;6247518 
8755768;6247520 
8756366;6247520 
8753738;6247513 
8755819;6247515 
8755453;6247516 
8753563;6247518 
8753967;6247520 
8754435;6247521 
8754332;6247517 
8755738;6247520 
8756776;6247519 
8754999;6247517 
8756527;6247519 
8754180;6247524 
8753951;6247518 
8754978;6247520 
8757712;6247518 
8754232;6247513 
8754649;6247515 
8755442;6247520 
8754165;6247513 
8753993;6247517 
8754473;6247520 
8753852;6247516 
8754103;6247516 
8755558;6247519 
8754160;6247517 
8758279;6247519 
8754396;6247518 
8754061;6247518 
8753818;6247515 
8756178;6247521 
8753822;6247516 
8757011;6247514 
8753953;6247516 
8753726;6247515 
8754260;6247517 
8754641;6247522 
8756338;6247525 
8754147;6247518 
8759133;6247516 
8753856;6247518 
8754346;6247520 
8754772;6247520 
8756268;6247518 
8754952;6247519 
8754444;6247516 
8755681;6247518 
8753671;6247515 
8755148;6247515 
8756089;6247518 
8755340;6247518 
8753953;6247520 
8754997;6247518 
8755454;6247520 
8754341;6247520 
8757998;6247517 
8756893;6247519 
8755664;6247523 
8754074;6247516 
8754263;6247519 
8756557;6247517 
8753967;6247518 
8753775;6247517 
8753875;6247515 
8755261;6247518 
8754495;6247523 
8754872;6247520 
8756101;6247516 
8755531;6247518 
8754301;6247523 
8754280;6247518 
8754054;6247518 
8755822;6247520 
8754101;6247519 
8754722;6247520 
8753993;6247520 
8753946;6247515 
8754241;6247515 
8754312;6247521 
8754044;6247517 
8754291;6247519 
8754720;6247516 
8754602;6247518 
8755410;6247519 
8755227;6247518 
8754089;6247517 
8754672;6247517 
8756087;6247517 
8754761;6247517 
8756274;6247518 
8753769;6247524 
8753829;6247514 
8753757;6247517 
8754534;6247519 
8753753;6247516 
8753921;6247516 
8755982;6247521 
8754598;6247517 
8754293;6247517 
8757382;6247517 
8754153;6247515 
8755062;6247518 
8754094;6247518 
8753911;6247517 
8754142;6247516 
8754270;6247519 
8754139;6247514 
8754467;6247514 
8755408;6247515 
8753697;6247512 
8756727;6247516 
8754649;6247538 
8755611;6247518 
8756689;6247516 
8754904;6247527 
8754268;6247520 
8755137;6247517 
8755644;6247523 
8755508;6247515 
8756189;6247515 
8755803;6247520 
8753815;6247515 
8754997;6247512 
8754123;6247516 
8753873;6247517 
8754465;6247518 
8754090;6247518 
8753746;6247517 
8754329;6247521 
8756709;6247519 
8754477;6247515 
8754376;6247522 
8755665;6247516 
8754036;6247515 
8754993;6247518 
8754017;6247519 
8755050;6247514 
8754269;6247516 
8753790;6247522 
8753667;6247516 
8755800;6247519 
8754523;6247520 
8753901;6247514 
8754328;6247515 
8755502;6247520 
8754259;6247520 
8754300;6247519 
8756409;6247518 
8754119;6247516 
8754483;6247519 
8755803;6247517 
8754303;6247516 
8756204;6247516 
8753888;6247517 
8753862;6247516 
8754079;6247520 
8754167;6247520 
8754139;6247518 
8754633;6247518 
8753784;6247516 
8755118;6247515 
8755770;6247519 
8754206;6247517 
8753870;6247516 
8754009;6247515 
8753978;6247521 
8754055;6247514 
8755389;6247521 
8754312;6247514 
8753775;6247514 
8754470;6247518 
8754785;6247521 
8754011;6247515 
8753872;6247518 
8755233;6247520 
8753898;6247517 
8755845;6247521 
8754167;6247519 
8754352;6247516 
8754154;6247517 
8754370;6247514 
8754519;6247520 
8755552;6247519 
8754083;6247514 
8753743;6247514 
8754563;6247517 
8753965;6247519 
8754106;6247517 
8758517;6247517 
8753951;6247518 
8754419;6247515 
8754969;6247522 
8754436;6247516 
8754195;6247517 
8754856;6247521 
8754562;6247514 
8754298;6247516 
8754282;6247521 
8754104;6247515 
8754630;6247514 
8754029;6247518 
8753902;6247515 
8755340;6247519 
8755475;6247517 
8754006;6247515 
8754744;6247517 
8754675;6247518 
8754570;6247514 
8753979;6247516 
8754171;6247520 
8754110;6247521 
8755428;6247518 
8754594;6247520 
8754113;6247515 
8755055;6247513 
8754265;6247518 
8754083;6247519 
8754204;6247516 
8756026;6247522 
8754288;6247518 
8754432;6247515 
8754931;6247520 
8753911;6247518 
8754131;6247514 
8754194;6247518 
8753979;6247518 
8754765;6247515 
8754025;6247518 
8754252;6247514 
8753692;6247514 
8754147;6247517 
8754883;6247512 
8753662;6247514 
8754051;6247518 
8754454;6247520 
8753855;6247512 
8754780;6247516 
8756915;6247518 
8754134;6247513 
8754896;6247522 
8755258;6247516 
8754462;6247515 
8754425;6247524 
8753774;6247517 
8755304;6247512 
8753958;6247520 
8753863;6247514 
8753983;6247511 
8753998;6247516 
8753783;6247515 
8754060;6247515 
8754266;6247522 
8754218;6247519 
8754437;6247515 
8754853;6247522 
8755129;6247517 
8755558;6247514 
8754350;6247518 
8755747;6247518 
8753849;6247510 
8754063;6247516 
8753930;6247512 
8754427;6247514 
8755427;6247522 
8754271;6247514 
8754376;6247515 
8755419;6247517 
8754203;6247516 
8754911;6247514 
8754860;6247523 
8753730;6247514 
8754271;6247516 
8755258;6247522 
8754284;6247514 
8754305;6247512 
8754902;6247520 
8753558;6247514 
8754871;6247514 
8753931;6247519 
8754255;6247516 
8754530;6247513 
8754182;6247520 
8754269;6247516 
8754074;6247514 
8754199;6247521 
8754243;6247518 
8756753;6247514 
8754969;6247517 
8754211;6247515 
8755330;6247515 
8754760;6247518 
8754089;6247514 
8754044;6247514 
8755045;6247517 
8755011;6247518 
8755944;6247519 
8755234;6247524 
8754285;6247515 
8755739;6247519 
8753793;6247518 
8754131;6247518 
8754006;6247519 
8756415;6247522 
8753983;6247517 
8754294;6247518 
8755548;6247518 
8755696;6247516 
8754416;6247517 
8754911;6247520 
8755813;6247517 
8756165;6247517 
8754480;6247522 
8754205;6247515 
8754211;6247518 
8755346;6247520 
8754068;6247518 
8755991;6247519 
8755646;6247518 
8755009;6247515 
8754642;6247514 
8755813;6247519 
8753663;6247516 
8755030;6247517 
8755234;6247517 
8755126;6247521 
8754599;6247517 
8754379;6247521 
8757188;6247520 
8753831;6247518 
8754065;6247519 
8754206;6247517 
8754169;6247514 
8753910;6247518 
8754386;6247520 
8754507;6247516 
8755690;6247522 
8754852;6247514 
8754158;6247517 
8753844;6247525 
8753995;6247517 
8754125;6247514 
8755238;6247522 
8754678;6247517 
8753898;6247514 
8755998;6247519 
8754866;6247513 
8754510;6247519 
8754088;6247515 
8753929;6247518 
8754957;6247517 
8753896;6247524 
8754468;6247517 
8755064;6247514 
8755911;6247521 
8753786;6247517 
8754651;6247516 
8754321;6247517 
8754617;6247518 
8753934;6247518 
8754041;6247516 
8753646;6247512 
8753521;6247517 
8753865;6247516 
8754424;6247519 
8754165;6247514 
8756627;6247519 
8755720;6247516 
8754367;6247517 
8756100;6247518 
8756189;6247522 
8755743;6247517 
8754073;6247516 
8753946;6247518 
8754475;6247515 
8754763;6247517 
8754239;6247518 
8755318;6247515 
8753945;6247519 
8754276;6247519 
8754374;6247517 
8754359;6247521 
8754588;6247517 
8754089;6247516 
8754144;6247516 
8755476;6247520 
8756151;6247515 
8754057;6247522 
8754219;6247517 
8753898;6247520 
8754506;6247519 
8754283;6247521 
8753788;6247515 
8753610;6247516 
8753583;6247519 
8754000;6247518 
8754825;6247518 
8754958;6247516 
8753954;6247517 
8754860;6247518 
8754791;6247519 
8754134;6247518 
8756493;6247517 
8754486;6247524 
8753926;6247517 
8757413;6247517 
8754179;6247517 
8755179;6247514 
8753927;6247519 
8754323;6247518 
8754026;6247513 
8754061;6247519 
8754358;6247516 
8754370;6247518 
8754192;6247520 
8754144;6247518 
8755078;6247513 
8754221;6247516 
8754170;6247519 
8754243;6247518 
8756378;6247517 
8754436;6247519 
8754640;6247515 
8755613;6247516 
8755440;6247519 
8753708;6247513 
8754234;6247518 
8754423;6247525 
8753931;6247517 
8755716;6247513 
8755899;6247522 
8754004;6247515 
8755201;6247517 
8754515;6247520 
8755364;6247519 
8755679;6247515 
8755031;6247521 
8753932;6247514 
8753757;6247513 
8753870;6247517 
8753783;6247517 
8754407;6247519 
8754409;6247524 
8754368;6247515 
8754945;6247516 
8754154;6247524 
8755145;6247515 
8754122;6247515 
8754414;6247515 
8754112;6247516 
8755076;6247518 
8756913;6247524 
8753621;6247515 
8753557;6247516 
8754032;6247519 
8754252;6247514 
8754675;6247518 
8755496;6247522 
8755994;6247517 
8754188;6247517 
8754157;6247518 
8754695;6247515 
8754509;6247518 
8754329;6247516 
8755380;6247517 
8756706;6247516 
8755737;6247519 
8754303;6247514 
8754216;6247519 
8754362;6247518 
8754822;6247515 
8754208;6247520 
8753908;6247519 
8753921;6247515 
8754360;6247518 
8754043;6247524 
8754609;6247517 
8755279;6247521 
8754379;6247519 
8754162;6247515 
8756790;6247519 
8755229;6247520 
8754825;6247517 
8754061;6247517 
8753783;6247516 
8753989;6247514 
8754001;6247515 
8754158;6247518 
8754201;6247516 
8757523;6247518 
8754030;6247519 
8754317;6247518 
8755224;6247515 
8754056;6247516 
8754039;6247514 
8754445;6247520 
8755151;6247520 
8757199;6247517 
8760549;6247519 
8754222;6247521 
8754220;6247515 
8755446;6247518 
8755975;6247535 
8754118;6247514 
8754519;6247518 
8756804;6247517 
8754644;6247515 
8759855;6247520 
8754651;6247521 
8754055;6247519 
8757293;6247519 
8754199;6247518 
8754687;6247513 
8756019;6247515 
8753747;6247515 
8753972;6247517 
8755739;6247516 
8757726;6247516 
8754713;6247518 
8756018;6247523 
8754233;6247519 
8754913;6247519 
8754359;6247520 
8755560;6247521 
8756403;6247518 
8756014;6247521 
8753724;6247518 
8755087;6247519 
8756593;6247517 
8753806;6247516 
8753422;6247514 
8755732;6247516 
8754267;6247520 
8753930;6247517 
8755250;6247520 
8755601;6247518 
8753840;6247518 
8756561;6247516 
8753987;6247516 
8754273;6247516 
8754353;6247521 
8753946;6247514 
8754924;6247520 
8754324;6247517 
8754559;6247518 
8754027;6247515 
8754321;6247518 
8753990;6247521 
8754411;6247517 
8754611;6247518 
8753912;6247516 
8754282;6247515 
8754456;6247519 
8756229;6247517 
8756229;6247517 
8754158;6247518 
8755048;6247516 
8755706;6247516 
8754731;6247517 
8754016;6247515 
8753791;6247513 
8753821;6247519 
8753733;6247513 
8754555;6247516 
8755153;6247519 
8755556;6247518 
8754200;6247515 
8754179;6247522 
8753994;6247515 
8756276;6247516 
8755264;6247521 
8754801;6247521 
8754375;6247514 
8753987;6247524 
8754052;6247514 
8753511;6247510 
8754391;6247517 
8753683;6247515 
8754482;6247512 
8753930;6247521 
8755097;6247517 
8754045;6247513 
8756730;6247517 
8755323;6247516 
8755552;6247511 
8754253;6247518 
8753760;6247519 
8753648;6247513 
8756521;6247521 
8753794;6247517 
8754990;6247512 
8755144;6247520 
8753492;6247516 
8754196;6247514 
8754247;6247520 
8754232;6247517 
8754004;6247513 
8754259;6247518 
8754680;6247516 
8754509;6247516 
8755288;6247519 
8753949;6247518 
8754042;6247516 
8754633;6247519 
8755473;6247517 
8755805;6247511 
8756035;6247522 
8754014;6247515 
8753984;6247512 
8755395;6247521 
8754021;6247519 
8754411;6247518 
8755822;6247519 
8755405;6247516 
8753926;6247516 
8755258;6247519 
8755554;6247517 
8757021;6247519 
8754725;6247516 
8754315;6247518 
8754429;6247515 
8753625;6247518 
8753972;6247518 
8754503;6247514 
8754637;6247521 
8753806;6247517 
8753906;6247516 
8754709;6247515 
8753758;6247513 
8754083;6247516 
8754685;6247522 
8754033;6247516 
8755358;6247515 
8754209;6247522 
8754222;6247515 
8753993;6247517 
8753983;6247521 
8754852;6247513 
8755058;6247513 
8754578;6247520 
8753856;6247512 
8754114;6247518 
8755062;6247522 
8754201;6247515 
8754147;6247515 
8755021;6247521 
8754223;6247513 
8754283;6247517 
8755111;6247521 
8754406;6247512 
8754975;6247516 
8754349;6247517 
8754873;6247512 
8753782;6247514 
8754111;6247517 
8754853;6247512 
8755380;6247515 
8756829;6247516 
8754359;6247515 
8753911;6247519 
8754392;6247520 
8754367;6247514 
8754683;6247516 
8754499;6247519 
8754765;6247519 
8754108;6247518 
8757149;6247519 
8754622;6247512 
8755867;6247516 
8753929;6247518 
8756646;6247517 
8753661;6247516 
8753883;6247520 
8754240;6247518 
8754048;6247514 
8755020;6247520 
8754473;6247518 
8754289;6247515 
8754407;6247518 
8754762;6247515 
8754513;6247515 
8754074;6247523 
8756747;6247512 
8755241;6247516 
8753898;6247518 
8753576;6247515 
8755365;6247515 
8755023;6247520 
8754750;6247518 
8754658;6247518 
8754781;6247515 
8754507;6247514 
8754775;6247519 
8755158;6247518 
8754190;6247517 
8756534;6247517 
8756180;6247519 
8755555;6247520 
8756339;6247515 
8753951;6247515 
8753477;6247514 
8753897;6247517 
8754109;6247514 
8754275;6247517 
8754757;6247519 
8754280;6247517 
8753932;6247514 
8754474;6247524 
8754151;6247515 
8754929;6247517 
8754925;6247522 
8755025;6247516 
8753883;6247516 
8753544;6247519 
8754464;6247516 
8753491;6247515 
8754010;6247515 
8754570;6247517 
8754042;6247514 
8755032;6247521 
8755229;6247521 
8754032;6247518 
8755548;6247519 
8754680;6247515 
8757439;6247515 
8754713;6247521 
8754730;6247517 
8754109;6247514 
8760452;6247520 
8754501;6247518 
8753656;6247515 
8754524;6247515 
8755752;6247518 
8754096;6247518 
8756068;6247520 
8754144;6247520 
8754275;6247519 
8755624;6247524 
8754069;6247520 
8754027;6247519 
8754352;6247518 
8754261;6247522 
8754054;6247515 
8754292;6247520 
8756787;6247518 
8753949;6247516 
8754080;6247516 
8755097;6247515 
8754275;6247518 
8754175;6247520 
8760078;6247524 
8754108;6247514 
8754719;6247522 
8756690;6247522 
8754364;6247515 
8754597;6247519 
8755783;6247520 
8753773;6247518 
8754490;6247519 
8753753;6247516 
8753747;6247517 
8754527;6247517 
8754004;6247517 
8754047;6247514 
8754405;6247524 
8754444;6247518 
8754316;6247515 
8754496;6247520 
8755002;6247521 
8753925;6247517 
8755961;6247519 
8754394;6247522 
8754677;6247518 
8754453;6247517 
8754831;6247518 
8753764;6247514 
8753883;6247516 
8753672;6247517 
8754239;6247514 
8754066;6247518 
8754307;6247521 
8756811;6247514 
8754097;6247514 
8754407;6247518 
8754344;6247519 
8754325;6247515 
8754182;6247522 
8754247;6247514 
8754271;6247519 
8754513;6247517 
8754010;6247513 
8753851;6247514 
8754124;6247521 
8754255;6247517 
8753750;6247515 
8754638;6247520 
8755540;6247519 
8755478;6247517 
8754772;6247522 
8757977;6247515 
8754593;6247516 
8754257;6247521 
8753899;6247514 
8753520;6247515 
8754781;6247520 
8754131;6247517 
8754204;6247518 
8754229;6247520 
8754081;6247514 
8756345;6247515 
8754718;6247521 
8754456;6247516 
8754327;6247517 
8754600;6247519 
8756424;6247513 
8753956;6247516 
8754473;6247518 
8753603;6247510 
8753878;6247514 
8755876;6247517 
8754688;6247516 
8755662;6247515 
8753943;6247517 
8754077;6247515 
8755083;6247515 
8754447;6247515 
8754675;6247514 
8754195;6247520 
8754019;6247518 
8754229;6247513 
8753997;6247516 
8754768;6247514 
8753573;6247513 
8753481;6247518 
8754633;6247518 
8754438;6247515 
8754128;6247516 
8754077;6247519 
8754786;6247513 
8754161;6247515 
8756029;6247520 
8753743;6247514 
8755286;6247517 
8754228;6247521 
8754073;6247515 
8753759;6247514 
8754689;6247519 
8754213;6247514 
8754031;6247513 
8755562;6247518 
8753902;6247514 
8755291;6247517 
8756082;6247520 
8754141;6247513 
8754965;6247515 
8755019;6247525 
8755336;6247516 
8754351;6247516 
8754914;6247518 
8754355;6247513 
8753812;6247516 
8756887;6247515 
8758610;6247515 
8755691;6247515 
8754256;6247522 
8754070;6247514 
8756756;6247516 
8754271;6247521 
8756582;6247516 
8754069;6247514 
8755406;6247520 
8754128;6247516 
8755558;6247514 
8754581;6247523 
8755462;6247515 
8756825;6247516 
8755770;6247522 
8754031;6247518 
8754378;6247515 
8755037;6247518 
8753997;6247515 
8754435;6247513 
8755880;6247518 
8754260;6247517 
8754667;6247522 
8755670;6247518 
8754096;6247519 
8754473;6247518 
8754123;6247515 
8754634;6247518 
8754197;6247520 
8755849;6247517 
8754432;6247515 
8755326;6247520 
8754165;6247515 
8753940;6247513 
8753829;6247519 
8755170;6247516 
8754213;6247516 
8754657;6247516 
8754584;6247518 
8755574;6247515 
8754104;6247518 
8756508;6247517 
8753957;6247517 
8754049;6247520 
8754778;6247517 
8754815;6247518 
8754349;6247521 
8754062;6247518 
8755573;6247514 
8754381;6247519 
8754456;6247516 
8753930;6247519 
8754264;6247522 
8754184;6247517 
8755050;6247518 
8754128;6247522 
8755500;6247521 
8754144;6247518 
8754318;6247519 
8756371;6247523 
8754467;6247517 
8756546;6247523 
8754197;6247516 
8753498;6247516 
8754131;6247516 
8755134;6247518 
8754524;6247517 
8754941;6247523 
8754518;6247521 
8754320;6247516 
8754833;6247525 
8754318;6247519 
8754150;6247519 
8756067;6247516 
8754660;6247522 
8753822;6247517 
8755717;6247516 
8754972;6247516 
8754007;6247515 
8753726;6247518 
8754528;6247517 
8754048;6247518 
8754397;6247517 
8754521;6247517 
8753997;6247515 
8755387;6247518 
8755008;6247523 
8754239;6247517 
8755661;6247517 
8756348;6247521 
8754809;6247518 
8756480;6247518 
8754407;6247521 
8754970;6247517 
8754926;6247521 
8754566;6247516 
8754558;6247517 
8754260;6247519 
8755381;6247521 
8753946;6247519 
8754481;6247518 
8755257;6247522 
8754057;6247514 
8755830;6247515 
8754648;6247517 
8754188;6247515 
8756082;6247519 
8754162;6247522 
8754979;6247513 
8754476;6247516 
8754373;6247516 
8753566;6247513 
8753920;6247517 
8753928;6247523 
8754013;6247514 
8755390;6247519 
8754165;6247524 
8754406;6247518 
8754267;6247520 
8754129;6247518 
8753963;6247519 
8757341;6247519 
8754818;6247520 
8754136;6247519 
8755356;6247514 
8753917;6247516 
8753969;6247513 
8753701;6247516 
8754148;6247524 
8754371;6247515 
8754559;6247515 
8754109;6247519 
8753977;6247518 
8755561;6247516 
8755210;6247515 
8753821;6247519 
8754266;6247518 
8754417;6247517 
8754404;6247515 
8754362;6247517 
8754247;6247517 
8754070;6247516 
8754281;6247517 
8754153;6247517 
8754069;6247516 
8754757;6247516 
8754060;6247516 
8754441;6247515 
8754515;6247522 
8754332;6247517 
8753774;6247518 
8754499;6247522 
8753802;6247515 
8755954;6247517 
8754944;6247517 
8754856;6247512 
8754736;6247513 
8754632;6247519 
8754845;6247516 
8754714;6247518 
8755542;6247521 
8754017;6247517 
8754200;6247517 
8756394;6247518 
8754022;6247516 
8755736;6247515 
8755434;6247523 
8753644;6247516 
8757107;6247517 
8755620;6247516 
8754106;6247514 
8755086;6247513 
8754054;6247517 
8753997;6247516 
8754734;6247515 
8754705;6247518 
8755156;6247517 
8754207;6247517 
8754797;6247520 
8754352;6247517 
8758462;6247517 
8754491;6247521 
8754259;6247516 
8754278;6247514 
8754518;6247520 
8753804;6247512 
8753702;6247515 
8754400;6247519 
8754443;6247516 
8755823;6247517 
8755378;6247524 
8754074;6247513 
8754603;6247514 
8756287;6247518 
8755307;6247516 
8754351;6247515 
8756658;6247518 
8754109;6247519 
8757605;6247513 
8754752;6247520 
8753623;6247515 
8755054;6247512 
8753780;6247521 
8753954;6247516 
8755075;6247513 
8754958;6247521 
8754183;6247518 
8753775;6247513 
8753663;6247517 
8757624;6247519 
8753683;6247513 
8754885;6247521 
8755807;6247513 
8754549;6247514 
8753986;6247524 
8753586;6247514 
8754942;6247510 
8754305;6247521 
8753771;6247514 
8753486;6247513 
8754657;6247518 
8754051;6247516 
8754292;6247515 
8755656;6247522 
8753882;6247518 
8756244;6247515 
8757048;6247543 
8753747;6247515 
8754294;6247515 
8754225;6247520 
8753773;6247516 
8754155;6247513 
8755310;6247519 
8755106;6247515 
8754176;6247516 
8756793;6247522 
8754014;6247516 
8755346;6247516 
8754724;6247525 
8754737;6247514 
8754486;6247514 
8754018;6247523 
8754848;6247515 
8754919;6247519 
8755118;6247522 
8755339;6247514 
8754986;6247511 
8755842;6247518 
8753966;6247518 
8754298;6247518 
8756400;6247520 
8753880;6247517 
8754208;6247516 
8754622;6247520 
8754678;6247516 
8754323;6247515 
8754055;6247519 
8754027;6247516 
8754697;6247517 
8755241;6247518 
8755321;6247517 
8754361;6247514 
8754444;6247523 
8753883;6247512 
8754344;6247512 
8754537;6247519 
8755433;6247516 
8756014;6247518 
8755764;6247517 
8755309;6247515 
8754676;6247517 
8754022;6247520 
8755786;6247516 
8754769;6247516 
8754212;6247521 
8756608;6247516 
8754263;6247516 
8754674;6247516 
8754973;6247513 
8753683;6247513 
8755055;6247518 
8754126;6247514 
8753939;6247514 
8755035;6247520 
8753957;6247518 
8754207;6247518 
8755450;6247523 
8755388;6247512 
8753909;6247519 
8755382;6247522 
8754189;6247515 
8754170;6247518 
8754550;6247517 
8753798;6247512 
8754232;6247513 
8753899;6247518 
8753860;6247510 
8754608;6247516 
8754486;6247520 
8754120;6247515 
8754211;6247516 
8755890;6247522 
8756132;6247512 
8757943;6247516 
8755125;6247520 
8754386;6247512 
8756415;6247518 
8755463;6247520 
8754106;6247513 
8755140;6247515 
8753871;6247519 
8753765;6247511 
8754246;6247517 
8754390;6247518 
8754140;6247515 
8756313;6247518 
8755214;6247519 
8754506;6247518 
8754033;6247513 
8755041;6247522 
8757214;6247516 
8755958;6247515 
8754177;6247519 
8753833;6247514 
8753806;6247515 
8754597;6247519 
8753738;6247512 
8755338;6247515 
8754944;6247523 
8754380;6247518 
8755520;6247514 
8754349;6247522 
8754143;6247516 
8754800;6247515 
8753987;6247521 
8755415;6247517 
8754061;6247518 
8754287;6247520 
8754240;6247516 
8754927;6247515 
8754261;6247515 
8754184;6247516 
8753841;6247519 
8754998;6247519 
8756509;6247518 
8755909;6247516 
8755010;6247517 
8755312;6247516 
8756404;6247518 
8753898;6247519 
8754843;6247517 
8756719;6247520 
8754283;6247517 
8754079;6247514 
8756004;6247518 
8755522;6247515 
8753737;6247512 
8754523;6247519 
8753944;6247521 
8754163;6247519 
8754627;6247521 
8754173;6247518 
8754071;6247514 
8755293;6247519 
8753905;6247517 
8754887;6247516 
8754106;6247517 
8755797;6247518 
8754091;6247516 
8754303;6247519 
8753647;6247515 
8753844;6247514 
8753566;6247520 
8754279;6247518 
8754989;6247518 
8754702;6247521 
8755005;6247518 
8754240;6247515 
8754644;6247518 
8756255;6247517 
8755215;6247517 
8754731;6247517 
8754828;6247524 
8754525;6247518 
8754966;6247521 
8754419;6247515 
8753853;6247516 
8754083;6247518 
8754319;6247519 
8754147;6247515 
8755336;6247517 
8754837;6247520 
8754270;6247515 
8755219;6247519 
8754803;6247522 
8754557;6247516 
8755013;6247521 
8754750;6247524 
8753785;6247517 
8753779;6247511 
8754680;6247521 
8754484;6247517 
8754842;6247511 
8755352;6247518 
8754509;6247517 
8754528;6247514 
8755744;6247522 
8753555;6247516 
8755658;6247512 
8754252;6247516 
8757167;6247515 
8753956;6247510 
8753541;6247522 
8754938;6247513 
8755006;6247511 
8755675;6247519 
8753781;6247516 
8754130;6247512 
8755150;6247521 
8754230;6247516 
8753605;6247512 
8754781;6247543 
8754002;6247518 
8754156;6247512 
8755680;6247519 
8754181;6247515 
8753788;6247511 
8755030;6247519 
8753982;6247516 
8753948;6247511 
8756516;6247523 
8753876;6247517 
8754283;6247514 
8754431;6247523 
8754622;6247517 
8754575;6247514 
8755010;6247520 
8754776;6247516 
8754876;6247515 
8755289;6247522 
8756192;6247519 
8754071;6247512 
8754244;6247520 
8756228;6247518 
8756224;6247514 
8755416;6247516 
8755434;6247515 
8754029;6247515 
8754804;6247519 
8754703;6247517 
8754185;6247513 
8756242;6247517 
8754136;6247515 
8754397;6247515 
8756443;6247522 
8754671;6247518 
8754090;6247513 
8754798;6247520 
8753709;6247519 
8755225;6247513 
8754843;6247518 
8754233;6247516 
8754508;6247514 
8754829;6247518 
8754611;6247518 
8755060;6247515 
8754695;6247519 
8755030;6247518 
8754512;6247517 
8754059;6247517 
8754164;6247520 
8754549;6247514 
8753865;6247515 
8754222;6247516 
8753584;6247513 
8754887;6247519 
8754222;6247515 
8754066;6247520 
8754933;6247520 
8754320;6247519 
8754111;6247514 
8753988;6247522 
8754699;6247517 
8754233;6247520 
8754480;6247524 
8754254;6247515 
8755253;6247517 
8754224;6247523 
8754520;6247516 
8754124;6247513 
8754231;6247518 
8754513;6247516 
8754188;6247519 
8754087;6247518 
8753877;6247512 
8755830;6247519 
8754090;6247519 
8754286;6247514 
8757765;6247517 
8753819;6247519 
8755669;6247514 
8753972;6247516 
8754425;6247523 
8753727;6247516 
8753525;6247514 
8755234;6247515 
8753747;6247513 
8754099;6247515 
8754428;6247518 
8753836;6247512 
8754619;6247514 
8755240;6247520 
8755220;6247513 
8754189;6247518 
8754665;6247521 
8754087;6247513 
8754237;6247516 
8755999;6247520 
8755127;6247510 
8753575;6247515 
8755513;6247521 
8754569;6247511 
8754163;6247518 
8755090;6247516 
8753891;6247511 
8754232;6247516 
8754726;6247520 
8754759;6247512 
8754228;6247516 
8753791;6247517 
8753776;6247511 
8753746;6247516 
8756088;6247521 
8755393;6247510 
8754786;6247514 
8754438;6247519 
8754342;6247513 
8753845;6247516 
8755562;6247516 
8755447;6247515 
8753888;6247514 
8754318;6247520 
8754698;6247514 
8754532;6247515 
8754353;6247517 
8754340;6247514 
8754044;6247516 
8755444;6247519 
8754393;6247518 
8754706;6247514 
8753925;6247520 
8753892;6247515 
8753865;6247517 
8755155;6247518 
8755220;6247520 
8754213;6247514 
8754635;6247520 
8754013;6247516 
8756746;6247515 
8754202;6247519 
8755281;6247517 
8753962;6247516 
8754853;6247520 
8753638;6247517 
8754128;6247516 
8754519;6247518 
8754915;6247515 
8753749;6247516 
8753877;6247521 
8755357;6247518 
8754475;6247514 
8756527;6247518 
8753980;6247517 
8755566;6247516 
8755544;6247521 
8755260;6247515 
8755652;6247515 
8755920;6247521 
8756141;6247514 
8754977;6247514 
8754615;6247520 
8753654;6247512 
8753981;6247516 
8755269;6247517 
8753831;6247510 
8754321;6247515 
8754510;6247518 
8754030;6247513 
8754717;6247518 
8755531;6247518 
8753899;6247516 
8754551;6247518 
8754569;6247524 
8755078;6247513 
8756115;6247516 
8755982;6247518 
8754205;6247513 
8754175;6247512 
8755071;6247516 
8754471;6247512 
8754133;6247515 
8755962;6247519 
8753779;6247517 
8754429;6247519 
8754467;6247522 
8754316;6247514 
8754008;6247517 
8754594;6247518 
8754188;6247514 
8754169;6247517 
8754448;6247515 
8756039;6247514 
8755513;6247516 
8753983;6247520 
8754072;6247511 
8754170;6247515 
8754421;6247519 
8753761;6247515 
8755059;6247515 
8754673;6247518 
8754748;6247516 
8754005;6247519 
8754505;6247520 
8755731;6247513 
8753987;6247519 
8754831;6247519 
8754046;6247518 
8754158;6247514 
8753699;6247517 
8756979;6247512 
8754040;6247515 
8754850;6247526 
8754022;6247518 
8754097;6247516 
8754192;6247519 
8755457;6247515 
8754198;6247517 
8754704;6247520 
8754558;6247513 
8754106;6247520 
8754744;6247519 
8755010;6247515 
8756039;6247514 
8753688;6247518 
8753844;6247516 
8753505;6247515 
8755118;6247520 
8754727;6247517 
8753919;6247515 
8755770;6247517 
8754096;6247513 
8753985;6247518 
8754161;6247521 
8754347;6247519 
8753876;6247518 
8754231;6247518 
8754381;6247515 
8754380;6247514 
8754021;6247516 
8753952;6247513 
8753632;6247516 
8754543;6247516 
8754410;6247517 
8754245;6247518 
8755467;6247515 
8754135;6247516 
8755054;6247521 
8755246;6247515 
8755652;6247515 
8754555;6247518 
8756748;6247517 
8755422;6247518 
8754139;6247520 
8754318;6247512 
8753785;6247514 
8754138;6247518 
8755064;6247512 
8753823;6247517 
8755303;6247520 
8753947;6247519 
8754945;6247517 
8754448;6247522 
8753882;6247520 
8755027;6247515 
8754472;6247519 
8754967;6247517 
8754613;6247513 
8755605;6247519 
8756432;6247515 
8754077;6247518 
8755717;6247519 
8754164;6247514 
8753783;6247517 
8754598;6247519 
8754880;6247516 
8753970;6247515 
8756493;6247523 
8754226;6247521 
8755351;6247514 
8754135;6247522 
8755384;6247517 
8754506;6247515 
8754152;6247523 
8754227;6247519 
8753620;6247517 
8753709;6247519 
8755887;6247521 
8753712;6247517 
8754350;6247516 
8755210;6247516 
8755595;6247517 
8754890;6247518 
8754242;6247521 
8753698;6247519 
8754142;6247523 
8755359;6247521 
8754198;6247514 
8756367;6247518 
8754169;6247521 
8753999;6247513 
8754255;6247517 
8754346;6247518 
8754201;6247514 
8754061;6247520 
8754433;6247514 
8753836;6247514 
8754239;6247522 
8754786;6247520 
8754213;6247519 
8755813;6247517 
8754375;6247519 
8754184;6247517 
8756866;6247514 
8754559;6247521 
8753689;6247518 
8754401;6247515 
8754601;6247516 
8753703;6247515 
8755395;6247517 
8755156;6247516 
8754171;6247516 
8755568;6247520 
8755782;6247516 
8754024;6247516 
8755238;6247517 
8755557;6247515 
8754115;6247515 
8753743;6247515 
8754729;6247519 
8754217;6247513 
8754171;6247516 
8753712;6247522 
8753516;6247513 
8753789;6247515 
8753936;6247518 
8755407;6247518 
8755374;6247516 
8754006;6247519 
8754546;6247517 
8753778;6247513 
8754413;6247523 
8753691;6247515 
8754906;6247517 
8754237;6247519 
8755130;6247517 
8753734;6247516 
8754160;6247520 
8753804;6247513 
8753835;6247515 
8754554;6247521 
8754141;6247517 
8753982;6247516 
8754365;6247519 
8754051;6247518 
8754385;6247516 
8754409;6247519 
8754499;6247513 
8753721;6247514 
8754538;6247517 
8753810;6247515 
8754534;6247513 
8753946;6247515 
8753601;6247514 
8754227;6247514 
8754235;6247517 
8753661;6247512 
8754188;6247520 
8754402;6247518 
8754144;6247517 
8755837;6247516 
8754229;6247517 
8754210;6247516 
8754183;6247515 
8755508;6247516 
8753880;6247515 
8755014;6247517 
8753846;6247516 
8754626;6247514 
8753944;6247518 
8753771;6247519 
8755445;6247516 
8754089;6247515 
8754016;6247518 
8754420;6247513 
8755470;6247515 
8755051;6247517 
8753747;6247514 
8754284;6247537 
8753989;6247517 
8756754;6247517 
8754377;6247516 
8755033;6247521 
8753905;6247514 
8753964;6247512 
8754598;6247518 
8753864;6247514 
8754120;6247518 
8754459;6247519 
8754135;6247517 
8755183;6247517 
8754183;6247519 
8753960;6247514 
8755759;6247515 
8754148;6247516 
8754117;6247515 
8753722;6247514 
8753835;6247517 
8753561;6247517 
8755675;6247516 
8753888;6247518 
8754137;6247517 
8754037;6247521 
8754021;6247518 
8754744;6247514 
8754674;6247523 
8754917;6247518 
8753833;6247512 
8756095;6247515 
8753953;6247517 
8754528;6247516 
8753911;6247517 
8755826;6247517 
8754672;6247512 
8755575;6247520 
8753889;6247517 
8754383;6247513 
8755811;6247517 
8756229;6247514 
8754076;6247519 
8754006;6247517 
8754147;6247520 
8754467;6247514 
8754506;6247514 
8753880;6247516 
8754076;6247515 
8754612;6247516 
8754248;6247515 
8754038;6247517 
8754445;6247525 
8753828;6247515 
8754695;6247514 
8754555;6247519 
8753942;6247517 
8754676;6247512 
8754572;6247516 
8753977;6247517 
8754062;6247510 
8754839;6247515 
8753939;6247517 
8754059;6247511 
8755616;6247516 
8754592;6247516 
8755608;6247512 
8754364;6247512 
8753962;6247516 
8754915;6247510 
8756727;6247517 
8755335;6247517 
8754689;6247514 
8754179;6247514 
8754638;6247518 
8754223;6247510 
8753850;6247515 
8753832;6247518 
8754008;6247512 
8754026;6247516 
8754415;6247517 
8754378;6247513 
8754085;6247514 
8754371;6247520 
8756060;6247514 
8754284;6247514 
8755336;6247524 
8757287;6247512 
8753887;6247513 
8754060;6247523 
8754003;6247514 
8753989;6247514 
8754418;6247514 
8754357;6247513 
8753846;6247515 
8753960;6247518 
8754451;6247514 
8754480;6247517 
8755249;6247517 
8754022;6247516 
8757057;6247517 
8754615;6247519 
8754446;6247518 
8753973;6247515 
8756199;6247524 
8754933;6247518 
8754043;6247516 
8753741;6247520 
8753680;6247514 
8753786;6247515 
8754565;6247522 
8753855;6247514 
8754149;6247519 
8754263;6247521 
8754890;6247517 
8755343;6247517 
8754467;6247519 
8754960;6247516 
8754490;6247517 
8755492;6247520 
8753850;6247515 
8756134;6247515 
8754107;6247518 
8753949;6247512 
8753790;6247517 
8754058;6247520 
8755094;6247516 
8755598;6247519 
8756186;6247519 
8754376;6247518 
8755071;6247519 
8755622;6247519 
8756433;6247520 
8757568;6247516 
8755214;6247518 
8754992;6247515 
8758782;6247519 
8754274;6247513 
8754783;6247515 
8754352;6247519 
8753753;6247512 
8754462;6247517 
8754222;6247519 
8754025;6247517 
8755365;6247516 
8755345;6247517 
8753713;6247514 
8753999;6247515 
8754521;6247521 
8754068;6247517 
8753841;6247516 
8754297;6247519 
8754168;6247516 
8753610;6247515 
8754712;6247517 
8754043;6247514 
8754247;6247516 
8754406;6247518 
8756147;6247516 
8754118;6247518 
8754833;6247520 
8754059;6247517 
8753889;6247518 
8754825;6247522 
8756056;6247516 
8756225;6247515 
8755758;6247520 
8754471;6247516 
8754169;6247515 
8753917;6247520 
8753675;6247518 
8754100;6247515 
8754064;6247520 
8754853;6247523 
8754574;6247516 
8754681;6247517 
8754579;6247518 
8758552;6247513 
8753882;6247522 
8754494;6247521 
8754002;6247515 
8757012;6247518 
8754399;6247515 
8754074;6247514 
8753929;6247517 
8754817;6247518 
8754636;6247515 
8754099;6247520 
8754424;6247519 
8754150;6247516 
8754304;6247521 
8754465;6247520 
8755037;6247515 
8754422;6247518 
8756731;6247521 
8754192;6247520 
8754857;6247537 
8754305;6247520 
8755009;6247519 
8754110;6247517 
8754390;6247516 
8753872;6247515 
8754439;6247521 
8755778;6247518 
8754365;6247513 
8754240;6247524 
8754169;6247518 
8754627;6247516 
8754149;6247522 
8755141;6247517 
8754155;6247519 
8754558;6247517 
8754360;6247519 
8753923;6247513 
8753863;6247517 
8753941;6247518 
8753801;6247513 
8754109;6247522 
8754279;6247521 
8754122;6247520 
8755168;6247525 
8754232;6247521 
8755479;6247516 
8753800;6247519 
8754449;6247521 
8754222;6247516 
8754142;6247522 
8753785;6247519 
8753737;6247516 
8754307;6247515 
8756197;6247519 
8753552;6247517 
8754726;6247518 
8754237;6247518 
8754471;6247517 
8754105;6247517 
8755453;6247519 
8755562;6247519 
8754894;6247517 
8755442;6247518 
8753828;6247517 
8754190;6247517 
8754676;6247519 
8754634;6247516 
8754090;6247518 
8754309;6247519 
8755262;6247519 
8754319;6247516 
8753976;6247517 
8753987;6247517 
8755049;6247516 
8755220;6247518 
8754440;6247520 
8753868;6247516 
8754397;6247518 
8753827;6247515 
8759892;6247526 
8758904;6247520 
8753674;6247515 
8754417;6247516 
8753884;6247519 
8753900;6247517 
8754171;6247512 
8754595;6247520 
8755766;6247517 
8754959;6247514 
8754322;6247519 
8755567;6247517 
8754260;6247519 
8755111;6247518 
8755039;6247518 
8754297;6247516 
8757807;6247517 
8753901;6247518 
8753653;6247513 
8754219;6247520 
8753823;6247516 
8754840;6247518 
8754217;6247518 
8754630;6247514 
8756723;6247519 
8753911;6247522 
8754987;6247517 
8754152;6247518 
8754608;6247518 
8753936;6247519 
8754417;6247518 
8754285;6247517 
8753852;6247515 
8754221;6247515 
8753648;6247515 
8754054;6247515 
8754524;6247520 
8754394;6247521 
8754428;6247517 
8755088;6247520 
8754444;6247518 
8755291;6247515 
8754089;6247518 
8754711;6247522 
8754891;6247515 
8754525;6247522 
8753884;6247520 
8754230;6247515 
8755581;6247518 
8753568;6247515 
8754652;6247516 
8755347;6247517 
8754324;6247514 
8755697;6247518 
8754404;6247520 
8754539;6247517 
8754748;6247514 
8754904;6247520 
8755129;6247516 
8753730;6247515 
8754027;6247524 
8753664;6247516 
8755159;6247517 
8756058;6247520 
8753923;6247517 
8754468;6247514 
8754430;6247519 
8753872;6247516 
8754326;6247517 
8754431;6247521 
8754472;6247514 
8754153;6247519 
8754065;6247517 
8754365;6247518 
8755055;6247519 
8754106;6247520 
8754757;6247519 
8753924;6247517 
8756191;6247520 
8754053;6247515 
8753663;6247515 
8755892;6247520 
8753716;6247512 
8754741;6247520 
8754495;6247520 
8753754;6247515 
8754155;6247518 
8754652;6247520 
8754156;6247516 
8753931;6247515 
8753997;6247523 
8754345;6247518 
8754717;6247517 
8755344;6247521 
8753954;6247514 
8754247;6247512 
8753761;6247519 
8753917;6247515 
8753728;6247513 
8754630;6247523 
8754235;6247516 
8754178;6247512 
8756180;6247520 
8754509;6247515 
8753852;6247516 
8755109;6247518 
8753992;6247516 
8754049;6247514 
8754830;6247522 
8755437;6247518 
8754303;6247512 
8754700;6247519 
8754022;6247513 
8753980;6247512 
8754980;6247519 
8755244;6247516 
8753707;6247512 
8754501;6247518 
8753905;6247521 
8754486;6247513 
8753883;6247520 
8753853;6247516 
8754310;6247511 
8754569;6247520 
8755017;6247516 
8754759;6247511 
8755458;6247517 
8753846;6247517 
8753688;6247514 
8755855;6247516 
8754255;6247518 
8754046;6247513 
8754173;6247520 
8754504;6247519 
8756286;6247517 
8754716;6247533 
8753676;6247514 
8755025;6247517 
8754395;6247520 
8754423;6247519 
8754229;6247511 
8756502;6247519 
8754255;6247516 
8753564;6247513 
8755120;6247516 
8754696;6247519 
8754133;6247516 
8755278;6247519 
8754391;6247516 
8754570;6247517 
8753871;6247517 
8755604;6247515 
8755539;6247518 
8754028;6247521 
8755672;6247520 
8753894;6247515 
8754191;6247518 
8754238;6247515 
8754516;6247515 
8754251;6247518 
8755938;6247517 
8754581;6247514 
8754131;6247523 
8754342;6247516 
8754996;6247515 
8754832;6247519 
8754675;6247513 
8755027;6247516 
8755508;6247520 
8754045;6247517 
8754073;6247519 
8755139;6247519 
8754154;6247515 
8754257;6247518 
8755991;6247522 
8753755;6247510 
8753953;6247515 
8756102;6247521 
8754668;6247512 
8754575;6247514 
8755956;6247528 
8754051;6247512 
8754042;6247515 
8754094;6247517 
8755236;6247513 
8756345;6247518 
8754399;6247517 
8753932;6247510 
8754688;6247512 
8753971;6247516 
8754794;6247515 
8754143;6247513 
8754542;6247517 
8753941;6247514 
8754849;6247516 
8754398;6247518 
8754708;6247515 
8756077;6247519 
8754586;6247519 
8754184;6247518 
8754236;6247516 
8754687;6247516 
8754076;6247518 
8754263;6247513 
8754114;6247518 
8754245;6247516 
8754256;6247512 
8753855;6247515 
8755025;6247515 
8755105;6247516 
8754774;6247522 
8754103;6247517 
8754986;6247520 
8754475;6247517 
8754259;6247516 
8755042;6247514 
8754759;6247519 
8754246;6247515 
8754036;6247517 
8754310;6247523 
8753995;6247513 
8753694;6247513 
8753965;6247518 
8753710;6247510 
8753799;6247518 
8754375;6247524 
8754322;6247511 
8753751;6247517 
8755001;6247517 
8753973;6247514 
8753872;6247516 
8754734;6247523 
8754412;6247513 
8754451;6247517 
8754636;6247519 
8754004;6247514 
8755781;6247512 
8753953;6247514 
8754534;6247513 
8753798;6247516 
8754084;6247519 
8754137;6247521 
8753937;6247515 
8754405;6247520 
8755976;6247517 
8754115;6247517 
8754107;6247519 
8754452;6247517 
8753821;6247517 
8755376;6247522 
8755627;6247516 
8756648;6247516 
8753836;6247519 
8753677;6247515 
8753831;6247516 
8754669;6247519 
8754528;6247516 
8754520;6247519 
8756231;6247517 
8754299;6247516 
8756087;6247520 
8754455;6247516 
8753841;6247514 
8754384;6247518 
8755463;6247516 
8754811;6247517 
8753980;6247519 
8754293;6247516 
8754062;6247517 
8754812;6247518 
8755449;6247517 
8758166;6247523 
8754346;6247519 
8755043;6247519 
8753620;6247523 
8754722;6247517 
8754126;6247520 
8754196;6247514 
8756411;6247514 
8753742;6247520 
8753764;6247515 
8753985;6247516 
8754732;6247518 
8754250;6247516 
8753940;6247513 
8754207;6247520 
8755592;6247514 
8755242;6247515 
8754328;6247520 
8753695;6247516 
8754289;6247517 
8754180;6247521 
8753560;6247514 
8753870;6247516 
8755179;6247519 
8753656;6247515 
8754237;6247516 
8754825;6247523 
8754056;6247518 
8755031;6247514 
8754362;6247519 
8754290;6247515 
8754177;6247515 
8754464;6247520 
8753790;6247519 
8754971;6247516 
8754779;6247521 
8753674;6247514 
8754605;6247515 
8754147;6247517 
8754128;6247514 
8754868;6247513 
8754541;6247519 
8753977;6247517 
8754720;6247515 
8754918;6247518 
8754544;6247516 
8754904;6247513 
8754411;6247519 
8755723;6247523 
8755126;6247515 
8754577;6247519 
8753969;6247516 
8755764;6247513 
8754528;6247516 
8753962;6247513 
8755441;6247513 
8754527;6247522 
8754031;6247514 
8754668;6247516 
8754172;6247518 
8754070;6247516 
8754008;6247510 
8754575;6247522 
8753905;6247514 
8754015;6247513 
8754428;6247517 
8754356;6247515 
8753901;6247512 
8754171;6247519 
8754085;6247516 
8756386;6247510 
8754314;6247519 
8754084;6247514 
8754231;6247514 
8755105;6247517 
8754001;6247517 
8755626;6247514 
8755337;6247520 
8755209;6247512 
8755796;6247513 
8754256;6247519 
8756425;6247516 
8754418;6247511 
8754611;6247518 
8753844;6247514 
8753905;6247512 
8754520;6247519 
8754972;6247515 
8754108;6247512 
8754500;6247518 
8754443;6247516 
8754103;6247512 
8755605;6247522 
8754145;6247515 
8755078;6247517 
8754035;6247519 
8755349;6247516 
8753945;6247512 
8754316;6247520 
8753726;6247518 
8753949;6247512 
8753817;6247519 
8754414;6247515 
8754480;6247514 
8755618;6247520 
8754180;6247518 
8755574;6247513 
8754318;6247524 
8754309;6247515 
8754537;6247518 
8754052;6247518 
8754296;6247516 
8754362;6247513 
8754374;6247520 
8754282;6247514 
8755607;6247513 
8753901;6247518 
8755419;6247522 
8753629;6247516 
8754661;6247518 
8755392;6247521 
8756596;6247515 
8753805;6247516 
8754931;6247523 
8754086;6247515 
8754447;6247511 
8754870;6247521 
8753871;6247513 
8755175;6247515 
8755177;6247521 
8755723;6247514 
8753794;6247511 
8754349;6247519 
8755235;6247514 
8754099;6247515 
8754863;6247521 
8753752;6247514 
8754042;6247514 
8756156;6247516 
8754364;6247518 
8753815;6247511 
8754798;6247524 
8753894;6247516 
8755568;6247516 
8755840;6247518 
8753787;6247517 
8753726;6247511 
8755818;6247519 
8754236;6247515 
8753724;6247510 
8754625;6247523 
8754129;6247512 
8753862;6247513 
8754276;6247518 
8754201;6247521 
8753885;6247514 
8755245;6247517 
8755348;6247514 
8754269;6247515 
8756082;6247515 
8753913;6247518 
8755322;6247515 
8754316;6247518 
8753637;6247514 
8753952;6247512 
8753742;6247521 
8754127;6247515 
8753836;6247516 
8754537;6247518 
8753997;6247516 
8755453;6247513 
8754427;6247518 
8754101;6247518 
8754314;6247516 
8754190;6247519 
8754173;6247513 
8755180;6247516 
8755237;6247517 
8754720;6247517 
8757332;6247513 
8755874;6247518 
8754599;6247517 
8754431;6247516 
8754198;6247520 
8754062;6247516 
8754790;6247514 
8753896;6247522 
8754922;6247517 
8756421;6247517 
8754382;6247519 
8754827;6247516 
8754749;6247518 
8756539;6247520 
8753646;6247512 
8754151;6247513 
8753811;6247519 
8755188;6247511 
8754978;6247517 
8754141;6247518 
8756550;6247511 
8754314;6247514 
8756126;6247519 
8754399;6247510 
8754374;6247517 
8754318;6247520 
8754270;6247511 
8754057;6247518 
8754203;6247520 
8753968;6247510 
8755674;6247513 
8753735;6247519 
8754052;6247510 
8754448;6247517 
8754404;6247523 
8754951;6247513 
8754283;6247515 
8754082;6247519 
8754201;6247514 
8755621;6247519 
8754160;6247519 
8755296;6247516 
8755453;6247515 
8754671;6247519 
8754943;6247512 
8754627;6247517 
8755634;6247519 
8756231;6247514 
8754146;6247516 
8755124;6247521 
8754506;6247513 
8754179;6247513 
8754451;6247515 
8756492;6247512 
8755019;6247515 
8754774;6247520 
8755618;6247513 
8753904;6247514 
8754129;6247525 
8753859;6247514 
8754158;6247514 
8755166;6247517 
8754043;6247512 
8754984;6247513 
8756983;6247522 
8754362;6247517 
8754749;6247516 
8755370;6247535 
8753798;6247516 
8755039;6247516 
8756302;6247518 
8754847;6247519 
8754486;6247514 
8755584;6247522 
8757536;6247516 
8754525;6247515 
8754895;6247519 
8754278;6247514 
8753838;6247518 
8756143;6247516 
8755026;6247518 
8755739;6247517 
8754633;6247522 
8758181;6247515 
8754988;6247520 
8756164;6247517 
8755943;6247516 
8754395;6247517 
8754452;6247519 
8755551;6247516 
8755301;6247518 
8754087;6247516 
8753512;6247516 
8753782;6247520 
8754501;6247514 
8754088;6247517 
8754603;6247521 
8755280;6247519 
8754492;6247518 
8754833;6247520 
8754433;6247518 
8754788;6247517 
8755325;6247518 
8754309;6247518 
8755146;6247518 
8756456;6247520 
8754217;6247519 
8753812;6247517 
8754241;6247514 
8754159;6247513 
8753967;6247516 
8754691;6247517 
8753869;6247515 
8754137;6247516 
8756167;6247525 
8754202;6247517 
8754344;6247513 
8753774;6247519 
8754982;6247516 
8755782;6247515 
8754384;6247523 
8754028;6247519 
8753814;6247513 
8754228;6247517 
8754227;6247514 
8753783;6247515 
8755601;6247518 
8755666;6247519 
8753865;6247521 
8754412;6247521 
8754262;6247519 
8755148;6247520 
8754389;6247522 
8754163;6247518 
8754038;6247514 
8754700;6247517 
8754785;6247519 
8753799;6247515 
8753929;6247521 
8753737;6247517 
8753561;6247516 
8754502;6247521 
8754715;6247515 
8753865;6247515 
8754827;6247520 
8754429;6247517 
8753988;6247517 
8754383;6247520 
8754279;6247518 
8753831;6247514 
8754241;6247523 
8754646;6247516 
8753903;6247514 
8754690;6247516 
8753772;6247521 
8753530;6247515 
8755375;6247518 
8753998;6247519 
8754139;6247515 
8756507;6247518 
8755280;6247521 
8754247;6247518 
8753955;6247519 
8753980;6247516 
8754494;6247518 
8754182;6247520 
8754178;6247521 
8753848;6247515 
8754813;6247514 
8755115;6247517 
8754022;6247514 
8756129;6247519 
8755048;6247523 
8754007;6247516 
8754154;6247520 
8754498;6247517 
8755666;6247513 
8757108;6247518 
8754358;6247526 
8753668;6247518 
8754801;6247521 
8754478;6247520 
8753959;6247517 
8756478;6247519 
8755189;6247518 
8753849;6247518 
8755112;6247516 
8754831;6247521 
8753902;6247515 
8755236;6247517 
8754075;6247518 
8754457;6247517 
8754221;6247518 
8754335;6247518 
8755194;6247518 
8758058;6247518 
8754354;6247517 
8754736;6247517 
8753702;6247512 
8754465;6247516 
8753961;6247514 
8754956;6247516 
8754113;6247528 
8755178;6247518 
8755382;6247515 
8754160;6247519 
8755988;6247516 
8754287;6247515 
8754805;6247521 
8754730;6247516 
8755136;6247518 
8754983;6247518 
8754263;6247514 
8754606;6247517 
8753847;6247517 
8753983;6247514 
8753608;6247515 
8753980;6247518 
8753760;6247516 
8754982;6247522 
8754112;6247517 
8754023;6247520 
8754656;6247518 
8754171;6247521 
8754009;6247516 
8754923;6247521 
8754381;6247527 
8753980;6247517 
8757434;6247525 
8754010;6247519 
8754364;6247514 
8754830;6247512 
8754387;6247520 
8753925;6247515 
8753906;6247519 
8755212;6247516 
8754886;6247517 
8754647;6247521 
8754859;6247519 
8754243;6247514 
8754503;6247518 
8754002;6247517 
8754996;6247514 
8754351;6247514 
8753950;6247518 
8753972;6247516 
8755164;6247516 
8753758;6247518 
8753589;6247514 
8755247;6247518 
8754119;6247517 
8754201;6247514 
8754506;6247516 
8754544;6247515 
8754298;6247517 
8753979;6247517 
8754821;6247516 
8754649;6247518 
8755219;6247518 
8754181;6247515 
8754285;6247512 
8755578;6247517 
8753742;6247517 
8754098;6247517 
8756138;6247518 
8754401;6247518 
8754436;6247516 
8754421;6247519 
8754186;6247519 
8754471;6247515 
8755075;6247520 
8753967;6247515 
8754237;6247515 
8755040;6247519 
8753789;6247516 
8756055;6247516 
8754147;6247519 
8753942;6247515 
8754111;6247514 
8755887;6247519 
8754373;6247518 
8753944;6247517 
8754388;6247518 
8754891;6247521 
8753512;6247512 
8753697;6247514 
8754232;6247517 
8754977;6247512 
8755175;6247519 
8756492;6247519 
8754218;6247515 
8754193;6247518 
8756184;6247520 
8753788;6247513 
8754256;6247514 
8754514;6247522 
8754225;6247513 
8754991;6247513 
8755579;6247524 
8753922;6247511 
8754003;6247515 
8754385;6247516 
8753835;6247512 
8753961;6247515 
8754732;6247518 
8754257;6247513 
8753882;6247517 
8755858;6247523 
8755764;6247516 
8754085;6247517 
8755449;6247521 
8754855;6247514 
8755050;6247518 
8754795;6247522 
8755713;6247514 
8754027;6247513 
8754419;6247517 
8754146;6247515 
8755331;6247515 
8755650;6247518 
8753867;6247514 
8754549;6247518 
8756022;6247528 
8754467;6247515 
8755083;6247517 
8755739;6247517 
8754567;6247514 
8757483;6247516 
8754482;6247521 
8755983;6247518 
8754020;6247516 
8753798;6247514 
8754281;6247522 
8753906;6247514 
8754373;6247515 
8754458;6247520 
8755368;6247517 
8754577;6247516 
8754308;6247518 
8754520;6247515 
8755440;6247517 
8754187;6247521 
8755448;6247521 
8756002;6247512 
8756118;6247522 
8755265;6247516 
8754754;6247511 
8754511;6247517 
8753979;6247516 
8753695;6247510 
8755627;6247519 
8753824;6247520 
8754748;6247514 
8754496;6247523 
8754049;6247518 
8754154;6247511 
8755327;6247520 
8753628;6247520 
8754528;6247514 
8755310;6247523 
8755820;6247514 
8754800;6247513 
8755096;6247520 
8754017;6247516 
8753730;6247512 
8755063;6247520 
8754433;6247519 
8753688;6247514 
8754924;6247521 
8754146;6247516 
8754486;6247512 
8755509;6247518 
8754063;6247517 
8754276;6247514 
8754544;6247515 
8753698;6247514 
8754297;6247512 
8755176;6247519 
8754827;6247516 
8753746;6247512 
8753709;6247519 
8753871;6247519 
8754024;6247514 
8754564;6247519 
8755229;6247515 
8753980;6247515 
8754340;6247522 
8754620;6247517 
8754716;6247513 
8754415;6247520 
8754466;6247517 
8754773;6247512 
8754258;6247518 
8754320;6247518 
8755681;6247515 
8754105;6247517 
8756876;6247517 
8754412;6247518 
8754607;6247519 
8754339;6247514 
8754158;6247516 
8755875;6247518 
8754419;6247515 
8754270;6247517 
8755259;6247519 
8756540;6247520 
8753840;6247518 
8755984;6247519 
8754750;6247512 
8754045;6247517 
8753760;6247517 
8753584;6247512 
8754079;6247517 
8753918;6247517 
8753841;6247512 
8753889;6247515 
8755155;6247518 
8754085;6247514 
8754269;6247520 
8754881;6247525 
8754278;6247514 
8754273;6247516 
8755160;6247518 
8754018;6247510 
8754603;6247515 
8755128;6247517 
8754867;6247513 
8754617;6247514 
8754346;6247519 
8755549;6247516 
8755438;6247517 
8754261;6247517 
8756475;6247512 
8754441;6247516 
8755026;6247519 
8754428;6247517 
8755470;6247516 
8754393;6247525 
8754605;6247514 
8754169;6247514 
8754528;6247518 
8753969;6247512 
8754267;6247513 
8754257;6247518 
8754614;6247514 
8753891;6247517 
8754792;6247519 
8754814;6247515 
8753890;6247518 
8756028;6247519 
8754179;6247515 
8754771;6247520 
8755063;6247519 
8753730;6247516 
8755642;6247542 
8754840;6247521 
8755006;6247512 
8755098;6247516 
8753976;6247519 
8754945;6247519 
8754121;6247519 
8754238;6247520 
8753746;6247514 
8754552;6247520 
8754046;6247516 
8753922;6247516 
8754680;6247521 
8755815;6247520 
8754696;6247517 
8754957;6247519 
8754481;6247515 
8753960;6247514 
8753815;6247517 
8753894;6247515 
8754025;6247515 
8754319;6247518 
8754058;6247517 
8755699;6247515 
8754257;6247519 
8755947;6247518 
8755453;6247515 
8755780;6247522 
8754215;6247518 
8754263;6247517 
8756369;6247524 
8754000;6247519 
8754883;6247515 
8753720;6247513 
8754454;6247514 
8755327;6247518 
8754163;6247522 
8755503;6247517 
8754221;6247516 
8754137;6247519 
8754484;6247517 
8754709;6247517 
8754646;6247521 
8754092;6247522 
8754370;6247518 
8756457;6247517 
8754402;6247517 
8754416;6247517 
8755498;6247518 
8754321;6247517 
8755635;6247517 
8754170;6247517 
8755375;6247520 
8754208;6247520 
8755803;6247518 
8754113;6247515 
8754300;6247516 
8755250;6247523 
8755262;6247517 
8754094;6247517 
8755390;6247520 
8754037;6247518 
8754055;6247514 
8754956;6247519 
8753993;6247512 
8754446;6247515 
8754063;6247520 
8754922;6247517 
8754244;6247513 
8755605;6247520 
8754093;6247517 
8754097;6247519 
8754446;6247520 
8754669;6247516 
8753925;6247515 
8755699;6247517 
8754325;6247517 
8754121;6247514 
8754077;6247521 
8753925;6247515 
8753812;6247513 
8756646;6247519 
8753995;6247514 
8754215;6247520 
8755074;6247517 
8754317;6247517 
8754200;6247517 
8754110;6247521 
8754128;6247520 
8754316;6247514 
8754829;6247519 
8754143;6247519 
8753511;6247513 
8755293;6247517 
8755139;6247519 
8753881;6247516 
8754248;6247526 
8754193;6247522 
8754367;6247516 
8754403;6247521 
8754435;6247521 
8753737;6247515 
8754486;6247522 
8754966;6247516 
8754323;6247516 
8754313;6247522 
8753993;6247517 
8753743;6247514 
8755163;6247519 
8753867;6247520 
8753780;6247515 
8754799;6247519 
8754463;6247521 
8755138;6247515 
8754110;6247522 
8754079;6247518 
8754487;6247517 
8754596;6247521 
8754523;6247518 
8755260;6247513 
8757196;6247520 
8754017;6247520 
8755475;6247515 
8753956;6247517 
8753935;6247517 
8753723;6247518 
8754824;6247518 
8759478;6247518 
8754166;6247515 
8754125;6247524 
8754191;6247519 
8755482;6247515 
8756538;6247521 
8754770;6247518 
8754045;6247517 
8754341;6247518 
8754349;6247519 
8754936;6247519 
8755120;6247515 
8754712;6247519 
8753796;6247515 
8755744;6247513 
8754216;6247521 
8753823;6247515 
8756081;6247515 
8754567;6247516 
8754244;6247518 
8754030;6247514 
8754806;6247521 
8755653;6247515 
8754457;6247515 
8755879;6247518 
8757568;6247516 
8754557;6247519 
8754960;6247518 
8754399;6247514 
8754034;6247514 
8754007;6247524 
8756494;6247517 
8755134;6247517 
8754346;6247518 
8754108;6247518 
8754173;6247516 
8754347;6247518 
8753834;6247518 
8754101;6247515 
8756994;6247519 
8755754;6247514 
8755787;6247516 
8754237;6247519 
8753781;6247515 
8754412;6247517 
8753788;6247515 
8754336;6247516 
8754544;6247522 
8756230;6247518 
8753953;6247519 
8754747;6247524 
8755155;6247520 
8754023;6247521 
8754757;6247514 
8754156;6247520 
8754263;6247517 
8754499;6247516 
8754333;6247519 
8754217;6247516 
8753916;6247514 
8754786;6247516 
8754809;6247516 
8755582;6247519 
8754208;6247516 
8754007;6247517 
8754441;6247522 
8754258;6247513 
8754774;6247519 
8755083;6247541 
8754201;6247519 
8757678;6247514 
8754147;6247518 
8755940;6247513 
8756221;6247516 
8754299;6247523 
8755236;6247516 
8754008;6247516 
8754359;6247519 
8754134;6247516 
8755623;6247518 
8755203;6247517 
8754507;6247518 
8754351;6247516 
8755147;6247520 
8755026;6247514 
8754221;6247515 
8754243;6247518 
8755104;6247516 
8754247;6247515 
8756286;6247516 
8754194;6247517 
8754059;6247513 
8754287;6247519 
8754542;6247519 
8754942;6247517 
8754146;6247522 
8754836;6247518 
8753995;6247516 
8756315;6247523 
8753932;6247516 
8755630;6247513 
8755225;6247522 
8757919;6247515 
8757168;6247511 
8757169;6247516 
8754682;6247516 
8754778;6247511 
8754182;6247515 
8755657;6247514 
8753993;6247514 
8754111;6247524 
8756033;6247516 
8754095;6247513 
8754124;6247515 
8754211;6247515 
8754064;6247512 
8754431;6247517 
8753866;6247519 
8754570;6247513 
8753754;6247519 
8753633;6247516 
8753541;6247513 
8754376;6247520 
8754404;6247515 
8755063;6247515 
8754723;6247521 
8753895;6247517 
8753936;6247515 
8755667;6247522 
8753859;6247515 
8755961;6247514 
8755173;6247519 
8754106;6247516 
8754075;6247513 
8755089;6247515 
8753635;6247512 
8753648;6247515 
8753675;6247518 
8753749;6247517 
8754371;6247516 
8755840;6247521 
8754129;6247516 
8755799;6247517 
8754657;6247519 
8756103;6247518 
8755788;6247516 
8754404;6247523 
8754677;6247516 
8754022;6247517 
8755957;6247524 
8753861;6247516 
8754130;6247516 
8754021;6247517 
8753866;6247515 
8753727;6247514 
8754546;6247517 
8755454;6247514 
8754611;6247518 
8755337;6247517 
8753686;6247512 
8756069;6247516 
8754820;6247521 
8753827;6247516 
8754575;6247517 
8754349;6247517 
8755092;6247512 
8754303;6247516 
8754156;6247519 
8755321;6247516 
8755200;6247517 
8754014;6247518 
8755811;6247521 
8754382;6247520 
8755653;6247521 
8754029;6247517 
8753916;6247516 
8754160;6247517 
8754164;6247517 
8753878;6247518 
8754688;6247519 
8754132;6247518 
8754116;6247518 
8754026;6247516 
8754792;6247519 
8755145;6247517 
8754463;6247517 
8754566;6247517 
8754060;6247516 
8757874;6247519 
8753964;6247519 
8755135;6247515 
8756263;6247520 
8755924;6247513 
8754000;6247518 
8754967;6247518 
8754132;6247520 
8754341;6247515 
8754674;6247516 
8753953;6247520 
8753870;6247514 
8754563;6247518 
8755116;6247518 
8754035;6247518 
8754527;6247519 
8754156;6247520 
8753828;6247514 
8755187;6247515 
8753926;6247522 
8753765;6247514 
8753796;6247518 
8754467;6247518 
8754094;6247514 
8755656;6247516 
8753818;6247522 
8754967;6247520 
8754150;6247523 
8757367;6247517 
8754026;6247514 
8755075;6247525 
8754022;6247523 
8754374;6247518 
8754460;6247516 
8755166;6247519 
8754212;6247518 
8754020;6247515 
8753971;6247524 
8754309;6247514 
8754537;6247518 
8756005;6247521 
8762692;6247520 
9192805;6247520 
9207233;6247518 
8807111;6247517 
8758816;6247518 
8753928;6247517 
8753815;6247518 
8755121;6247525 
8755057;6247515 
8753918;6247519 
8756377;6247516 
8754054;6247516 
8754895;6247517 
8753936;6247516 
8755671;6247518 
8754618;6247518 
8756328;6247520 
8754170;6247518 
8754578;6247521 
8755091;6247522 
8753692;6247517 
8755515;6247517 
8755832;6247518 
8754151;6247517 
8754230;6247520 
8754099;6247521 
8754066;6247515 
8755977;6247524 
8754917;6247515 
8754589;6247516 
8757053;6247516 
8756524;6247521 
8754276;6247519 
8756692;6247538 
8754099;6247520 
8755245;6247514 
8756116;6247522 
8756118;6247518 
8753735;6247513 
8754141;6247515 
8754335;6247516 
8754046;6247519 
8754367;6247516 
8754737;6247521 
8754917;6247517 
8754633;6247519 
8755641;6247515 
8753953;6247513 
8754824;6247517 
8754842;6247519 
8753724;6247515 
8755181;6247517 
8754250;6247519 
8754207;6247516 
8755121;6247515 
8754405;6247523 
8754210;6247515 
8754624;6247517 
8754408;6247523 
8754091;6247518 
8754792;6247519 
8754113;6247519 
8753892;6247515 
8753916;6247520 
8754473;6247523 
8753848;6247516 
8754558;6247514 
8754221;6247518 
8753848;6247515 
8754343;6247514 
8754276;6247522 
8753790;6247516 
8754802;6247516 
8753852;6247519 
8754414;6247516 
8753665;6247514 
8754550;6247520 
8754455;6247516 
8753916;6247518 
8754473;6247516 
8754572;6247516 
8756298;6247519 
8753767;6247517 
8754150;6247516 
8754111;6247518 
8754440;6247519 
8754545;6247516 
8756841;6247518 
8754003;6247520 
8754144;6247517 
8755751;6247520 
8754271;6247520 
8754329;6247516 
8755613;6247520 
8753909;6247522 
8753975;6247517 
8754311;6247516 
8754773;6247519 
8753833;6247516 
8753747;6247517 
8754075;6247517 
8754125;6247515 
8756005;6247519 
8754172;6247520 
8754560;6247516 
8754583;6247518 
8755433;6247520 
8755123;6247517 
8755407;6247522 
8753670;6247518 
8754261;6247513 
8755734;6247516 
8753874;6247518 
8753640;6247518 
8753967;6247518 
8753857;6247517 
8753963;6247515 
8756101;6247516 
8754425;6247517 
8754262;6247515 
8755905;6247519 
8754338;6247522 
8754446;6247515 
8755143;6247520 
8753802;6247516 
8753925;6247517 
8756075;6247520 
8754249;6247517 
8753880;6247515 
8754419;6247518 
8753853;6247514 
8754601;6247515 
8754861;6247521 
8753913;6247518 
8755386;6247516 
8753926;6247521 
8753985;6247515 
8754181;6247519 
8755982;6247525 
8754005;6247520 
8754373;6247514 
8755663;6247522 
8754193;6247515 
8754209;6247512 
8754985;6247516 
8753840;6247514 
8755664;6247529 
8754130;6247518 
8755515;6247518 
8754483;6247515 
8755230;6247520 
8754070;6247518 
8754719;6247517 
8755895;6247518 
8753985;6247516 
8753955;6247516 
8754921;6247525 
8754114;6247516 
8754819;6247513 
8754611;6247520 
8753997;6247515 
8753690;6247515 
8754639;6247522 
8754111;6247521 
8756017;6247519 
8754967;6247522 
8754190;6247518 
8754824;6247516 
8754080;6247522 
8754244;6247515 
8755351;6247514 
8754853;6247518 
8756742;6247516 
8753868;6247511 
8753885;6247518 
8753542;6247514 
8753498;6247511 
8754208;6247519 
8754140;6247515 
8755853;6247516 
8755465;6247525 
8754135;6247516 
8754453;6247512 
8754687;6247519 
8756012;6247516 
8754253;6247512 
8754363;6247517 
8755270;6247517 
8753718;6247513 
8755261;6247517 
8754256;6247513 
8753820;6247511 
8754296;6247520 
8755595;6247516 
8754054;6247514 
8754295;6247518 
8753947;6247515 
8756234;6247515 
8754298;6247520 
8753793;6247518 
8754124;6247518 
8755274;6247519 
8755701;6247515 
8754757;6247512 
8755477;6247521 
8753889;6247515 
8753815;6247511 
8754165;6247517 
8753819;6247514 
8754388;6247515 
8754039;6247521 
8754625;6247519 
8755313;6247514 
8755323;6247522 
8755224;6247514 
8755136;6247515 
8754046;6247519 
8754830;6247515 
8753700;6247513 
8754676;6247520 
8754172;6247518 
8754515;6247514 
8757041;6247521 
8754053;6247513 
8754987;6247510 
8753878;6247515 
8755642;6247515 
8753884;6247514 
8754269;6247520 
8756896;6247515 
8753626;6247511 
8754698;6247520 
8755520;6247518 
8755647;6247517 
8754488;6247516 
8754196;6247518 
8753838;6247513 
8756158;6247519 
8753575;6247514 
8753488;6247512 
8753665;6247520 
8753935;6247522 
8755232;6247515 
8754684;6247517 
8754154;6247518 
8755308;6247518 
8754971;6247515 
8755393;6247518 
8754370;6247513 
8756009;6247518 
8754009;6247516 
8755322;6247516 
8755518;6247519 
8753559;6247512 
8753586;6247512 
8754077;6247516 
8754108;6247516 
8755798;6247516 
8756515;6247520 
8754155;6247518 
8753821;6247520 
8755345;6247520 
8753948;6247516 
8754783;6247514 
8754347;6247519 
8755827;6247518 
8755774;6247514 
8754645;6247524 
8754429;6247517 
8754447;6247513 
8754229;6247517 
8754442;6247515 
8756439;6247516 
8754735;6247522 
8754353;6247515 
8755322;6247517 
8754069;6247523 
8754132;6247514 
8755481;6247519 
8754369;6247518 
8753949;6247516 
8754113;6247516 
8755705;6247520 
8754194;6247514 
8754794;6247516 
8753907;6247517 
8754427;6247510 
8754283;6247517 
8754108;6247522 
8754616;6247512 
8754522;6247515 
8755229;6247522 
8753619;6247511 
8757135;6247519 
8754632;6247518 
8757039;6247514 
8757414;6247517 
8754078;6247523 
8754829;6247513 
8753795;6247514 
8755256;6247517 
8754325;6247511 
8753986;6247514 
8755225;6247517 
8754331;6247513 
8754215;6247513 
8756210;6247523 
8756737;6247517 
8754043;6247517 
8755102;6247519 
8754178;6247514 
8754053;6247518 
8754742;6247521 
8754192;6247519 
8754310;6247515 
8755018;6247516 
8754038;6247514 
8753701;6247514 
8753665;6247520 
8755512;6247514 
8753896;6247514 
8754780;6247520 
8753742;6247518 
8754719;6247517 
8753820;6247518 
8758301;6247517 
8755638;6247519 
8754813;6247517 
8754070;6247515 
8755821;6247520 
8753877;6247515 
8754801;6247514 
8755990;6247517 
8753897;6247514 
8754702;6247512 
8753892;6247524 
8754844;6247514 
8754055;6247518 
8754100;6247523 
8754022;6247519 
8754343;6247516 
8755606;6247518 
8754013;6247517 
8754392;6247519 
8754118;6247517 
8755669;6247517 
8754289;6247513 
8754192;6247517 
8754337;6247512 
8753699;6247513 
8754137;6247520 
8755867;6247521 
8753776;6247515 
8755055;6247522 
8754085;6247515 
8754711;6247518 
8754236;6247520 
8754237;6247516 
8754472;6247515 
8753725;6247519 
8754672;6247516 
8754327;6247515 
8754059;6247520 
8754131;6247515 
8753931;6247514 
8754472;6247522 
8754707;6247520 
8754395;6247514 
8754518;6247517 
8754752;6247517 
8756596;6247516 
8755560;6247520 
8754088;6247517 
8753906;6247516 
8754440;6247521 
8754859;6247520 
8754090;6247515 
8754201;6247518 
8753718;6247514 
8753733;6247514 
8754733;6247518 
8754852;6247521 
8754082;6247518 
8753985;6247519 
8753953;6247518 
8754319;6247515 
8754343;6247518 
8754731;6247522 
8753799;6247515 
8754143;6247519 
8756658;6247524 
8754140;6247517 
8754069;6247520 
8753759;6247520 
8753841;6247514 
8754437;6247518 
8755461;6247519 
8753930;6247516 
8754108;6247518 
8757077;6247521 
8754285;6247514 
8754469;6247514 
8755027;6247521 
8753797;6247515 
8754016;6247518 
8753823;6247514 
8754321;6247519 
8753623;6247513 
8754997;6247516 
8757193;6247522 
8754861;6247518 
8754576;6247514 
8755997;6247521 
8754418;6247517 
8754559;6247514 
8755069;6247537 
8754952;6247517 
8755195;6247517 
8754205;6247520 
8755093;6247517 
8754191;6247513 
8753942;6247516 
8753684;6247512 
8754324;6247515 
8755026;6247520 
8753832;6247516 
8754022;6247515 
8754737;6247524 
8754103;6247516 
8754698;6247517 
8755290;6247516 
8753758;6247519 
8753909;6247520 
8756931;6247517 
8755352;6247515 
8753855;6247514 
8754692;6247522 
8753508;6247513 
8753708;6247512 
8754256;6247521 
8753971;6247513 
8755441;6247516 
8755002;6247517 
8754062;6247514 
8753667;6247514 
8754984;6247524 
8753966;6247516 
8754753;6247512 
8759329;6247521 
8756083;6247516 
8754831;6247514 
8754271;6247520 
8754352;6247515 
8754889;6247510 
8754264;6247519 
8754312;6247518 
8754789;6247514 
8753884;6247517 
8754314;6247514 
8756134;6247515 
8755718;6247521 
8754290;6247515 
8754873;6247515 
8754996;6247516 
8755250;6247519 
8754452;6247511 
8755760;6247519 
8753479;6247516 
8753941;6247513 
8753939;6247521 
8754272;6247516 
8753847;6247515 
8756057;6247523 
8754186;6247515 
8753843;6247511 
8754271;6247520 
8754361;6247514 
8754737;6247513 
8756011;6247522 
8755535;6247517 
8754542;6247516 
8753903;6247521 
8755256;6247515 
8754153;6247513 
8754633;6247523 
8754963;6247516 
8754192;6247514 
8754117;6247524 
8753991;6247516 
8754076;6247516 
8755005;6247521 
8754888;6247519 
8754799;6247512 
8754171;6247518 
8754466;6247517 
8754540;6247516 
8754919;6247519 
8754665;6247513 
8754280;6247517 
8755187;6247519 
8753629;6247512 
8754187;6247516 
8753981;6247516 
8754220;6247514 
8754232;6247517 
8755609;6247520 
8755204;6247516 
8754284;6247513 
8754671;6247524 
8753713;6247518 
8756007;6247519 
8755909;6247515 
8756028;6247514 
8753674;6247514 
8754827;6247517 
8754077;6247515 
8754074;6247516 
8754421;6247523 
8754554;6247514 
8754056;6247515 
8754498;6247522 
8754731;6247514 
8754525;6247516 
8754403;6247521 
8753764;6247513 
8754373;6247515 
8754138;6247522 
8755552;6247515 
8753812;6247514 
8754135;6247519 
8754203;6247512 
8754742;6247513 
8754205;6247521 
8754593;6247518 
8753948;6247515 
8754143;6247521 
8754584;6247515 
8754868;6247515 
8754343;6247518 
8754336;6247517 
8755339;6247514 
8754258;6247521 
8754063;6247512 
8754260;6247515 
8755100;6247517 
8755969;6247513 
8754336;6247516 
8753927;6247519 
8754379;6247520 
8753833;6247516 
8753957;6247518 
8755847;6247514 
8754444;6247516 
8754637;6247520 
8754537;6247517 
8754141;6247517 
8756465;6247526 
8754553;6247519 
8755007;6247513 
8754466;6247519 
8753995;6247513 
8753628;6247513 
8753999;6247521 
8754175;6247519 
8753634;6247515 
8755033;6247520 
8753959;6247518 
8756330;6247522 
8753958;6247518 
8755129;6247518 
8754404;6247519 
8754697;6247520 
8755190;6247515 
8754104;6247520 
8754957;6247517 
8753700;6247515 
8754222;6247516 
8753753;6247512 
8753631;6247516 
8755141;6247521 
8754686;6247520 
8753922;6247518 
8755500;6247518 
8755747;6247518 
8754436;6247517 
8755307;6247518 
8754373;6247518 
8756552;6247521 
8754599;6247522 
8753693;6247515 
8754357;6247514 
8753911;6247516 
8753575;6247513 
8753519;6247514 
8754145;6247523 
8755996;6247515 
8753790;6247513 
8755525;6247521 
8755559;6247518 
8754337;6247520 
8756814;6247521 
8753802;6247519 
8755144;6247516 
8754458;6247518 
8754940;6247520 
8754151;6247516 
8755176;6247517 
8753635;6247513 
8753794;6247513 
8754958;6247526 
8756345;6247530 
8755877;6247517 
8754310;6247520 
8755063;6247518 
8753897;6247520 
8754213;6247521 
8755143;6247517 
8753987;6247517 
8754008;6247521 
8754721;6247519 
8753888;6247513 
8754573;6247516 
8754008;6247516 
8753614;6247515 
8754962;6247521 
8754104;6247521 
8753757;6247513 
8754643;6247521 
8755515;6247522 
8754688;6247515 
8755673;6247519 
8753983;6247516 
8753890;6247515 
8754593;6247522 
8753766;6247521 
8756088;6247513 
8753772;6247515 
8754610;6247520 
8754450;6247513 
8754552;6247523 
8755472;6247519 
8754131;6247520 
8754375;6247520 
8754831;6247520 
8753981;6247518 
8754817;6247520 
8755003;6247518 
8755208;6247518 
8754903;6247517 
8754370;6247514 
8754790;6247517 
8755439;6247519 
8753855;6247522 
8753998;6247515 
8755307;6247519 
8754974;6247519 
8754160;6247516 
8754118;6247523 
8755171;6247518 
8754206;6247516 
8754645;6247517 
8757760;6247520 
8754060;6247519 
8753970;6247521 
8756430;6247517 
8754556;6247519 
8754246;6247520 
8754499;6247517 
8753584;6247515 
8753726;6247517 
8756249;6247518 
8754246;6247517 
8754211;6247517 
8755188;6247518 
8755525;6247514 
8754825;6247518 
8754671;6247522 
8754177;6247518 
8755688;6247519 
8754208;6247523 
8754146;6247515 
8753947;6247521 
8756062;6247517 
8754187;6247517 
8753955;6247514 
8754204;6247519 
8753749;6247515 
8754626;6247519 
8754409;6247520 
8754187;6247514 
8754721;6247523 
8755998;6247518 
8754044;6247516 
8755942;6247520 
8754489;6247522 
8755297;6247514 
8755873;6247517 
8755131;6247518 
8756182;6247517 
8754937;6247517 
8754467;6247523 
8756155;6247514 
8754101;6247518 
8754330;6247517 
8754580;6247516 
8754572;6247519 
8754436;6247520 
8754186;6247515 
8754267;6247517 
8754269;6247521 
8755027;6247514 
8754060;6247516 
8754222;6247516 
8753826;6247515 
8754263;6247514 
8754027;6247521 
8753954;6247516 
8753987;6247518 
8754476;6247518 
8754251;6247516 
8754343;6247515 
8754241;6247518 
8753900;6247514 
8754118;6247516 
8755496;6247520 
8754473;6247515 
8754679;6247517 
8754018;6247517 
8755315;6247516 
8753933;6247514 
8755477;6247515 
8754336;6247515 
8754238;6247517 
8754127;6247515 
8754473;6247514 
8754398;6247519 
8755307;6247522 
8755729;6247519 
8755183;6247516 
8754096;6247517 
8754833;6247516 
8755092;6247520 
8755364;6247519 
8753889;6247516 
8754641;6247517 
8753673;6247514 
8754257;6247515 
8753983;6247520 
8754164;6247521 
8754193;6247516 
8754019;6247520 
8755214;6247517 
8755079;6247515 
8755906;6247521 
8754206;6247518 
8753999;6247520 
8757088;6247520 
8753915;6247515 
8754446;6247517 
8754396;6247517 
8753763;6247517 
8754156;6247516 
8754198;6247517 
8754558;6247515 
8754880;6247520 
8754101;6247520 
8756147;6247515 
8754813;6247520 
8754613;6247518 
8754555;6247517 
8754218;6247519 
8756648;6247521 
8755993;6247520 
8755855;6247513 
8754119;6247520 
8754035;6247513 
8753651;6247513 
8754311;6247518 
8754098;6247516 
8756151;6247514 
8755676;6247519 
8754970;6247513 
8754097;6247515 
8754364;6247523 
8754259;6247517 
8754609;6247516 
8756885;6247518 
8755242;6247519 
8755355;6247513 
8755027;6247519 
8753735;6247519 
8754032;6247511 
8756448;6247519 
8754580;6247518 
8754271;6247513 
8754922;6247523 
8755082;6247520 
8753986;6247513 
8754490;6247520 
8754477;6247518 
8753989;6247515 
8754734;6247523 
8754133;6247519 
8754076;6247516 
8754333;6247519 
8753807;6247518 
8754246;6247511 
8756172;6247518 
8755303;6247517 
8754270;6247514 
8757055;6247522 
8753936;6247516 
8754767;6247511 
8757009;6247521 
8755553;6247515 
8753755;6247511 
8754970;6247517 
8754676;6247519 
8754275;6247511 
8754080;6247519 
8755990;6247520 
8754065;6247512 
8755044;6247518 
8754315;6247516 
8753737;6247515 
8754836;6247518 
8754775;6247516 
8753807;6247516 
8754130;6247518 
8754470;6247519 
8754396;6247514 
8754165;6247523 
8754588;6247521 
8754872;6247514 
8755216;6247519 
8753847;6247517 
8754062;6247511 
8755209;6247519 
8753969;6247520 
8753637;6247512 
8756427;6247516 
8757181;6247518 
8755035;6247514 
8754508;6247521 
8754046;6247518 
8756493;6247516 
8754442;6247523 
8754514;6247516 
8754140;6247512 
8757589;6247521 
8753697;6247515 
8754017;6247515 
8753972;6247519 
8753634;6247514 
8755814;6247518 
8754824;6247517 
8753911;6247514 
8754496;6247517 
8757500;6247516 
8755722;6247516 
8755725;6247516 
8754093;6247522 
8755152;6247515 
8755305;6247516 
8754063;6247521 
8754671;6247514 
8754946;6247515 
8754245;6247522 
8754955;6247520 
8754715;6247519 
8755746;6247520 
8754154;6247519 
8754284;6247515 
8754078;6247518 
8756041;6247518 
8758052;6247518 
8755923;6247519 
8754217;6247518 
8755371;6247516 
8754425;6247518 
8754213;6247523 
8754124;6247517 
8754889;6247520 
8754605;6247521 
8753768;6247517 
8754563;6247521 
8755257;6247518 
8755968;6247518 
8754612;6247523 
8754234;6247517 
8754304;6247518 
8756341;6247518 
8754334;6247523 
8753843;6247513 
8754027;6247520 
8754152;6247517 
8753819;6247515 
8754797;6247524 
8755481;6247518 
8754406;6247516 
8754722;6247518 
8754696;6247520 
8754215;6247519 
8754512;6247518 
8754068;6247521 
8753825;6247517 
8754369;6247518 
8755467;6247519 
8754165;6247514 
8754761;6247518 
8754295;6247515 
8754896;6247515 
8754178;6247519 
8755378;6247517 
8754222;6247515 
8754218;6247520 
8754801;6247522 
8754523;6247515 
8754503;6247518 
8754429;6247517 
8754772;6247517 
8757649;6247518 
8753970;6247516 
8754010;6247517 
8753633;6247517 
8754136;6247518 
8754164;6247516 
8753680;6247518 
8754744;6247522 
8754090;6247518 
8754272;6247516 
8754797;6247518 
8754157;6247518 
8754089;6247514 
8753940;6247522 
8754124;6247514 
8754621;6247518 
8754164;6247519 
8753648;6247515 
8753741;6247516 
8754884;6247522 
8754078;6247514 
8754827;6247521 
8753966;6247518 
8754813;6247514 
8756134;6247517 
8754069;6247519 
8754009;6247515 
8755880;6247521 
8753756;6247522 
8755552;6247517 
8755065;6247519 
8754379;6247518 
8754755;6247517 
8753979;6247517 
8753776;6247515 
8754504;6247516 
8754690;6247517 
8754368;6247521 
8754436;6247516 
8753928;6247519 
8754055;6247519 
8754835;6247513 
8754594;6247519 
8755303;6247524 
8754604;6247520 
8754538;6247523 
8753838;6247517 
8753656;6247515 
8754362;6247518 
8753908;6247516 
8753522;6247515 
8754229;6247520 
8753971;6247516 
8754020;6247516 
8755792;6247516 
8754015;6247515 
8753900;6247516 
8755832;6247519 
8755031;6247516 
8753865;6247513 
8755506;6247520 
8753840;6247515 
8755112;6247515 
8754542;6247518 
8753489;6247515 
8753846;6247514 
8754747;6247517 
8754041;6247517 
8754664;6247516 
8755706;6247520 
8754103;6247514 
8754061;6247518 
8755023;6247521 
8754277;6247518 
8754363;6247520 
8754350;6247517 
8754244;6247518 
8753765;6247514 
8756162;6247519 
8754189;6247512 
8753495;6247512 
8756218;6247520 
8753875;6247516 
8753875;6247516 
8754092;6247522 
8754315;6247518 
8755031;6247518 
8755636;6247517 
8753677;6247517 
8753781;6247516 
8754995;6247520 
8754086;6247522 
8753472;6247513 
8754416;6247518 
8753721;6247512 
8754323;6247516 
8755032;6247519 
8756318;6247520 
8755192;6247516 
8754158;6247520 
8754191;6247520 
8753638;6247516 
8755203;6247520 
8753970;6247516 
8754017;6247514 
8756991;6247525 
8755128;6247517 
8754046;6247514 
8756747;6247521 
8753670;6247514 
8754585;6247513 
8753932;6247520 
8753985;6247518 
8753833;6247514 
8753908;6247522 
8755332;6247517 
8753932;6247514 
8754111;6247519 
8754294;6247518 
8754062;6247515 
8754378;6247520 
8754740;6247514 
8754959;6247515 
8755546;6247518 
8753803;6247515 
8753523;6247512 
8754206;6247517 
8753675;6247516 
8756117;6247513 
8755112;6247520 
8753961;6247514 
8754064;6247513 
8754331;6247521 
8755826;6247516 
8754660;6247514 
8754755;6247519 
8754098;6247518 
8755118;6247513 
8755559;6247521 
8753601;6247517 
8753749;6247510 
8754947;6247521 
8753787;6247514 
8756567;6247514 
8754474;6247521 
8755679;6247519 
8754370;6247516 
8753990;6247520 
8754145;6247519 
8756529;6247514 
8754708;6247519 
8753856;6247513 
8753857;6247516 
8756526;6247519 
8753901;6247515 
8753923;6247512 
8753542;6247521 
8753810;6247517 
8755043;6247517 
8754033;6247517 
8755048;6247516 
8756691;6247519 
8755669;6247517 
8754158;6247516 
8756606;6247519 
8755279;6247519 
8755046;6247513 
8754462;6247519 
8753840;6247519 
8754230;6247512 
8754685;6247516 
8754885;6247514 
8753682;6247516 
8753956;6247516 
8754157;6247518 
8755391;6247516 
8753863;6247518 
8754191;6247517 
8754315;6247515 
8754728;6247515 
8753773;6247519 
8757016;6247516 
8754574;6247517 
8754036;6247514 
8754568;6247520 
8755144;6247519 
8754398;6247515 
8754424;6247518 
8754067;6247515 
8754079;6247515 
8755417;6247522 
8754326;6247517 
8754100;6247517 
8755670;6247519 
8754441;6247516 
8754338;6247515 
8755594;6247520 
8754059;6247516 
8754262;6247514 
8754679;6247518 
8754010;6247518 
8754138;6247518 
8754128;6247517 
8753467;6247512 
8754066;6247512 
8754211;6247524 
8754004;6247514 
8754618;6247513 
8755585;6247521 
8753931;6247515 
8754978;6247518 
8755123;6247520 
8758541;6247517 
8753796;6247518 
8756424;6247522 
8755040;6247515 
8753929;6247513 
8755076;6247515 
8754526;6247514 
8753628;6247515 
8754799;6247522 
8755171;6247517 
8754386;6247517 
8754984;6247519 
8754634;6247516 
8754128;6247516 
8753917;6247520 
8753835;6247517 
8754311;6247515 
8754359;6247520 
8753836;6247515 
8754210;6247518 
8755554;6247523 
8754038;6247513 
8755120;6247513 
8755630;6247517 
8754204;6247515 
8754230;6247515 
8755633;6247521 
8754595;6247517 
8753871;6247515 
8754385;6247519 
8754452;6247516 
8754009;6247511 
8756377;6247519 
8753955;6247519 
8757041;6247513 
8755550;6247518 
8755577;6247513 
8753765;6247512 
8755423;6247518 
8755335;6247517 
8753887;6247512 
8754263;6247517 
8754011;6247517 
8754058;6247514 
8755366;6247527 
8754105;6247514 
8755412;6247515 
8754406;6247521 
8754260;6247515 
8756433;6247517 
8754750;6247522 
8753846;6247517 
8753908;6247511 
8755124;6247518 
8754204;6247516 
8754067;6247516 
8754327;6247516 
8754246;6247517 
8755644;6247515 
8756556;6247534 
8755826;6247515 
8754408;6247512 
8754220;6247520 
8753812;6247517 
8760414;6247517 
8754946;6247518 
8754311;6247514 
8753921;6247513 
8754819;6247522 
8753540;6247515 
8754468;6247515 
8755082;6247522 
8753794;6247517 
8754945;6247515 
8754424;6247522 
8754694;6247516 
8753908;6247513 
8755016;6247521 
8755208;6247518 
8753896;6247519 
8755389;6247523 
8753790;6247513 
8753935;6247513 
8754380;6247519 
8754378;6247515 
8753993;6247515 
8755040;6247518 
8754292;6247517 
8756041;6247518 
8754154;6247518 
8754190;6247518 
8754223;6247513 
8754543;6247520 
8755063;6247516 
8754641;6247515 
8755878;6247518 
8753855;6247516 
8755947;6247514 
8754175;6247519 
8754265;6247516 
8754741;6247515 
8754484;6247520 
8757101;6247516 
8755187;6247516 
8753929;6247517 
8754396;6247513 
8753896;6247517 
8755128;6247524 
8756620;6247517 
8754136;6247515 
8755287;6247521 
8754351;6247517 
8754487;6247515 
8754426;6247518 
8753771;6247512 
8753775;6247515 
8756131;6247522 
8754960;6247514 
8755079;6247515 
8754358;6247519 
8753784;6247512 
8754378;6247515 
8754885;6247521 
8757234;6247513 
8754040;6247515 
8755133;6247517 
8755666;6247514 
8753806;6247514 
8755824;6247518 
8753607;6247513 
8753750;6247514 
8753883;6247518 
8754302;6247516 
8753853;6247515 
8755164;6247523 
8755199;6247515 
8754861;6247516 
8754699;6247520 
8754355;6247516 
8754242;6247519 
8754771;6247518 
8754283;6247516 
8756440;6247514 
8755531;6247518 
8754288;6247513 
8754138;6247514 
8755185;6247518 
8754193;6247516 
8755236;6247515 
8755166;6247519 
8754179;6247518 
8754700;6247516 
8755046;6247519 
8754411;6247519 
8754025;6247516 
8754792;6247522 
8754801;6247514 
8754814;6247516 
8755418;6247519 
8755183;6247515 
8753892;6247518 
8754374;6247520 
8755074;6247518 
8753888;6247517 
8753989;6247522 
8755400;6247517 
8755504;6247515 
8754638;6247521 
8753916;6247518 
8754164;6247522 
8756053;6247517 
8755271;6247514 
8755447;6247517 
8754510;6247520 
8754726;6247512 
8755889;6247515 
8754127;6247515 
8755815;6247514 
8754855;6247518 
8755432;6247518 
8755295;6247518 
8754818;6247520 
8754395;6247517 
8756734;6247517 
8754411;6247519 
8754366;6247514 
8754857;6247518 
8754177;6247519 
8754274;6247518 
8754574;6247517 
8755891;6247518 
8754266;6247514 
8754739;6247514 
8754908;6247515 
8754887;6247517 
8753852;6247515 
8754046;6247522 
8754210;6247516 
8754995;6247521 
8753815;6247514 
8755152;6247521 
8754330;6247513 
8754055;6247514 
8754279;6247520 
8754006;6247515 
8755091;6247518 
8755216;6247520 
8754374;6247517 
8754158;6247515 
8755119;6247520 
8755038;6247518 
8753985;6247517 
8755326;6247520 
8754993;6247514 
8753836;6247516 
8754580;6247518 
8753844;6247513 
8753546;6247513 
8753829;6247518 
8754131;6247515 
8754829;6247517 
8754524;6247523 
8753822;6247518 
8753801;6247514 
8756663;6247520 
8754365;6247518 
8753825;6247514 
8754344;6247521 
8754093;6247515 
8754018;6247511 
8754582;6247518 
8754961;6247515 
8753428;6247511 
8754793;6247517 
8754112;6247517 
8753963;6247514 
8755674;6247527 
8754258;6247514 
8754403;6247514 
8754221;6247521 
8754430;6247519 
8753685;6247512 
8755796;6247520 
8754056;6247518 
8754753;6247514 
8753978;6247520 
8753929;6247516 
8753508;6247512 
8753896;6247518 
8754193;6247517 
8754269;6247513 
8754221;6247520 
8754270;6247520 
8753810;6247512 
8755218;6247545 
8754183;6247518 
8754197;6247513 
8756110;6247516 
8753700;6247513 
8754956;6247513 
8754238;6247524 
8754301;6247514 
8755206;6247513 
8753822;6247520 
8754538;6247514 
8753921;6247513 
8754847;6247522 
8755345;6247518 
8754246;6247516 
8754682;6247516 
8754689;6247515 
8753846;6247513 
8754001;6247519 
8754524;6247515 
8755053;6247513 
8754120;6247519 
8753682;6247515 
8754545;6247514 
8753954;6247516 
8754598;6247515 
8753797;6247514 
8753927;6247521 
8753998;6247516 
8754465;6247515 
8754507;6247524 
8754426;6247517 
8754724;6247515 
8754261;6247518 
8755283;6247518 
8756104;6247517 
8755515;6247522 
8755791;6247515 
8756159;6247514 
8754973;6247514 
8754094;6247513 
8754356;6247515 
8756216;6247523 
8754046;6247516 
8753884;6247514 
8754861;6247518 
8754235;6247518 
8754403;6247517 
8755002;6247516 
8754512;6247514 
8754502;6247517 
8755362;6247523 
8756676;6247514 
8753859;6247518 
8754582;6247524 
8753711;6247512 
8755566;6247517 
8754058;6247518 
8754089;6247513 
8754382;6247517 
8754122;6247519 
8754154;6247512 
8754774;6247517 
8754843;6247519 
8754855;6247514 
8754485;6247516 
8754071;6247519 
8757160;6247512 
8753912;6247516 
8754350;6247522 
8754305;6247512 
8754784;6247512 
8753976;6247519 
8754225;6247514 
8753968;6247517 
8754076;6247520 
8755195;6247514 
8754209;6247514 
8756652;6247527 
8758530;6247516 
8757491;6247516 
8755096;6247518 
8754204;6247517 
8754896;6247517 
8754609;6247517 
8754814;6247515 
8753986;6247515 
8754438;6247517 
8754583;6247518 
8754015;6247519 
8754692;6247522 
8755675;6247516 
8754112;6247518 
8755018;6247517 
8754317;6247522 
8754381;6247516 
8755353;6247519 
8754744;6247518 
8754311;6247517 
8756383;6247517 
8753753;6247512 
8754176;6247517 
8753788;6247521 
8754218;6247515 
8754381;6247521 
8754036;6247520 
8755858;6247516 
8755028;6247519 
8754905;6247519 
8754926;6247521 
8754310;6247519 
8754147;6247522 
8753929;6247516 
8754292;6247522 
8754925;6247514 
8754067;6247515 
8753821;6247518 
8753699;6247517 
8753729;6247512 
8753877;6247517 
8754082;6247519 
8755089;6247517 
8754491;6247523 
8754011;6247517 
8754317;6247516 
8754609;6247519 
8756235;6247522 
8754082;6247517 
8754395;6247519 
8754002;6247519 
8756976;6247514 
8753947;6247516 
8754318;6247519 
8754874;6247516 
8758318;6247516 
8754358;6247520 
8755023;6247516 
8754424;6247521 
8754355;6247520 
8755228;6247516 
8754379;6247516 
8755747;6247518 
8754635;6247516 
8755735;6247521 
8755438;6247519 
8756197;6247517 
8753823;6247517 
8754266;6247520 
8754354;6247516 
8753971;6247517 
8755113;6247523 
8754388;6247515 
8757000;6247523 
8753856;6247522 
8753863;6247517 
8755345;6247521 
8755914;6247519 
8753963;6247518 
8756012;6247518 
8754594;6247521 
8754013;6247516 
8753923;6247519 
8754859;6247515 
8754161;6247518 
8755424;6247518 
8754969;6247522 
8754311;6247514 
8755748;6247522 
8754434;6247522 
8754236;6247517 
8756043;6247519 
8754807;6247524 
8754322;6247516 
8754764;6247523 
8753989;6247525 
8754161;6247516 
8753708;6247520 
8754803;6247519 
8753878;6247515 
8754535;6247517 
8757155;6247519 
8755146;6247516 
8754943;6247519 
8754194;6247519 
8757483;6247516 
8753775;6247518 
8754644;6247519 
8754931;6247516 
8754122;6247515 
8755251;6247517 
8754134;6247518 
8754543;6247523 
8754081;6247521 
8754125;6247516 
8753795;6247515 
8753941;6247519 
8754124;6247520 
8754215;6247515 
8754372;6247512 
8754634;6247518 
8753702;6247513 
8755046;6247518 
8755257;6247519 
8754348;6247516 
8755853;6247519 
8754088;6247519 
8754567;6247514 
8754524;6247522 
8754756;6247521 
8755890;6247515 
8755230;6247521 
8754588;6247517 
8753519;6247514 
8755069;6247517 
8753817;6247517 
8756167;6247514 
8754980;6247517 
8754821;6247519 
8754083;6247513 
8754706;6247519 
8757384;6247521 
8757781;6247520 
8754271;6247520 
8754363;6247518 
8756313;6247513 
8754425;6247519 
8754560;6247514 
8753580;6247517 
8754115;6247522 
8755115;6247518 
8754158;6247516 
8758659;6247519 
8754498;6247519 
8753907;6247514 
8755878;6247517 
8754994;6247516 
8754954;6247515 
8757643;6247520 
8754704;6247521 
8755356;6247520 
8754871;6247524 
8755666;6247517 
8755342;6247513 
8754589;6247516 
8754962;6247520 
8753714;6247515 
8755825;6247520 
8754678;6247519 
8755260;6247518 
8754006;6247518 
8754320;6247521 
8755100;6247520 
8753820;6247519 
8756045;6247518 
8753985;6247513 
8755945;6247515 
8753840;6247518 
8755223;6247516 
8754473;6247519 
8754673;6247519 
8754081;6247515 
8755102;6247519 
8754176;6247517 
8754416;6247515 
8754645;6247520 
8754197;6247517 
8754674;6247515 
8754173;6247520 
8754187;6247517 
8756439;6247525 
8753962;6247516 
8754540;6247516 
8756920;6247518 
8754365;6247514 
8754277;6247524 
8754365;6247517 
8754553;6247515 
8754065;6247524 
8754708;6247515 
8754556;6247516 
8754555;6247521 
8754299;6247516 
8753845;6247516 
8754236;6247519 
8754537;6247518 
8754106;6247518 
8755472;6247518 
8754489;6247514 
8754650;6247517 
8754001;6247516 
8755491;6247517 
8754471;6247517 
8755194;6247520 
8754911;6247519 
8754245;6247517 
8755514;6247522 
8755215;6247515 
8754315;6247524 
8755107;6247515 
8754202;6247514 
8754855;6247516 
8754383;6247514 
8753767;6247513 
8754776;6247520 
8754746;6247517 
8754603;6247520 
8755801;6247518 
8755616;6247516 
8754130;6247514 
8754304;6247522 
8753928;6247515 
8753984;6247514 
8756016;6247521 
8753886;6247517 
8754370;6247517 
8754649;6247523 
8754425;6247514 
8755793;6247516 
8754207;6247518 
8754860;6247517 
8753923;6247516 
8753789;6247522 
8754423;6247516 
8754477;6247517 
8755875;6247521 
8755095;6247521 
8754491;6247516 
8754260;6247524 
8754635;6247515 
8753806;6247514 
8753987;6247517 
8754902;6247519 
8753470;6247516 
8754133;6247519 
8754005;6247519 
8754770;6247514 
8754017;6247522 
8754309;6247519 
8753994;6247516 
8755181;6247518 
8754337;6247517 
8754217;6247516 
8755577;6247524 
8754265;6247521 
8753808;6247518 
8754661;6247522 
8754384;6247516 
8753654;6247514 
8754038;6247515 
8753800;6247519 
8754676;6247516 
8756770;6247516 
8754879;6247519 
8756400;6247517 
8754175;6247520 
8754420;6247522 
8754109;6247515 
8754407;6247516 
8754974;6247522 
8755596;6247520 
8753865;6247514 
8754078;6247518 
8753572;6247514 
8754325;6247518 
8754282;6247518 
8755097;6247522 
8754727;6247526 
8754742;6247523 
8756090;6247514 
8756514;6247519 
8756213;6247519 
8755350;6247516 
8754417;6247520 
8755068;6247518 
8754815;6247516 
8756000;6247520 
8754278;6247515 
8755124;6247515 
8754085;6247517 
8755819;6247519 
8754199;6247516 
8754449;6247523 
8754329;6247518 
8754315;6247520 
8754191;6247520 
8755795;6247518 
8757023;6247516 
8754624;6247543 
8755206;6247516 
8754525;6247514 
8754533;6247518 
8753921;6247520 
8753637;6247512 
8754149;6247515 
8754405;6247521 
8754053;6247518 
8754810;6247520 
8754160;6247518 
8756046;6247520 
8754643;6247519 
8754620;6247523 
8753830;6247518 
8754882;6247521 
8754298;6247518 
8754454;6247514 
8755987;6247514 
8757135;6247518 
8754427;6247515 
8754557;6247518 
8755020;6247519 
8753883;6247518 
8755719;6247513 
8758829;6247518 
8753878;6247517 
8754757;6247513 
8753737;6247518 
8753677;6247514 
8754469;6247511 
8754087;6247519 
8753923;6247518 
8754305;6247513 
8754830;6247523 
8754065;6247517 
8755388;6247513 
8754220;6247520 
8753994;6247515 
8755817;6247516 
8754743;6247521 
8753965;6247518 
8754432;6247513 
8754392;6247520 
8753829;6247515 
8753605;6247510 
8754841;6247517 
8753537;6247514 
8754293;6247514 
8754802;6247520 
8754391;6247517 
8754452;6247512 
8755992;6247524 
8754543;6247515 
8753954;6247513 
8754301;6247520 
8757649;6247515 
8754107;6247514 
8754332;6247520 
8753731;6247515 
8756073;6247514 
8756326;6247518 
8753804;6247512 
8753803;6247518 
8755446;6247520 
8754629;6247516 
8755897;6247516 
8754133;6247518 
8754240;6247515 
8755642;6247521 
8755762;6247520 
8754349;6247515 
8754506;6247514 
8756894;6247520 
8753692;6247516 
8755588;6247514 
8755251;6247517 
8753712;6247514 
8754763;6247512 
8756038;6247521 
8754409;6247516 
8755514;6247520 
8756027;6247521 
8754152;6247517 
8754511;6247519 
8754873;6247518 
8755071;6247516 
8753983;6247520 
8754003;6247520 
8756562;6247515 
8753997;6247514 
8753837;6247519 
8753690;6247510 
8753674;6247515 
8754806;6247517 
8754541;6247515 
8754176;6247518 
8754142;6247520 
8754967;6247512 
8754257;6247521 
8754203;6247518 
8754647;6247512 
8754045;6247515 
8754043;6247522 
8753969;6247514 
8755290;6247516 
8754690;6247518 
8753564;6247511 
8755430;6247516 
8755015;6247517 
8755285;6247514 
8754359;6247516 
8754044;6247521 
8754671;6247512 
8754328;6247517 
8754370;6247520 
8755128;6247515 
8754422;6247520 
8754018;6247522 
8754214;6247516 
8755603;6247516 
8756906;6247519 
8754020;6247516 
8753655;6247514 
8754780;6247516 
8754173;6247515 
8754285;6247517 
8754601;6247519 
8754413;6247516 
8754528;6247517 
8754504;6247518 
8754269;6247521 
8753826;6247517 
8753846;6247519 
8755216;6247516 
8754673;6247518 
8754517;6247519 
8753819;6247516 
8755132;6247515 
8754072;6247519 
8755097;6247513 
8754954;6247518 
8754482;6247519 
8754895;6247516 
8755342;6247520 
8754512;6247520 
8753999;6247517 
8754097;6247519 
8754032;6247516 
8754063;6247518 
8755781;6247518 
8755142;6247518 
8754253;6247516 
8754864;6247520 
8753512;6247516 
8755005;6247514 
8754415;6247519 
8755052;6247516 
8754106;6247516 
8753810;6247516 
8756425;6247524 
8754545;6247515 
8754900;6247515 
8754726;6247522 
8754615;6247514 
8753971;6247514 
8753853;6247524 
8753890;6247511 
8753742;6247515 
8755136;6247516 
8755607;6247513 
8754132;6247515 
8754769;6247520 
8754057;6247513 
8754686;6247515 
8754525;6247520 
8754440;6247512 
8753805;6247515 
8754058;6247521 
8754254;6247519 
8757739;6247515 
8754425;6247520 
8754445;6247512 
8753826;6247513 
8754284;6247518 
8754119;6247515 
8753870;6247518 
8755216;6247516 
8754058;6247516 
8754734;6247515 
8755005;6247520 
8754396;6247517 
8754429;6247518 
8754173;6247523 
8754721;6247518 
8754300;6247533 
8754695;6247518 
8755194;6247517 
8755238;6247516 
8754385;6247520 
8754148;6247516 
8754249;6247520 
8754278;6247517 
8754248;6247515 
8755283;6247516 
8754769;6247521 
8754520;6247514 
8753881;6247518 
8755258;6247523 
8754685;6247515 
8754486;6247515 
8756150;6247516 
8754984;6247515 
8755034;6247518 
8753670;6247519 
8753978;6247514 
8754851;6247517 
8754789;6247519 
8754872;6247516 
8754306;6247516 
8754915;6247520 
8753908;6247515 
8754457;6247519 
8756845;6247520 
8754426;6247515 
8754197;6247521 
8755257;6247519 
8753967;6247514 
8754501;6247514 
8753885;6247515 
8753935;6247513 
8754347;6247519 
8755654;6247515 
8754118;6247515 
8754496;6247520 
8753869;6247517 
8754603;6247516 
8756483;6247521 
8755359;6247518 
8753996;6247516 
8754266;6247519 
8753885;6247517 
8754802;6247515 
8754282;6247518 
8754728;6247517 
8755839;6247514 
8754345;6247519 
8755478;6247520 
8755138;6247520 
8754785;6247521 
8754731;6247516 
8755683;6247515 
8755377;6247519 
8754401;6247515 
8754314;6247518 
8755391;6247518 
8754639;6247522 
8756006;6247515 
8754515;6247518 
8754181;6247515 
8753919;6247515 
8754025;6247518 
8754981;6247520 
8753987;6247515 
8754584;6247519 
8754025;6247521 
8754013;6247515 
8754738;6247520 
8754172;6247519 
8755252;6247517 
8755975;6247520 
8754224;6247521 
8753970;6247517 
8753969;6247517 
8754317;6247514 
8754014;6247516 
8753884;6247517 
8754209;6247520 
8755941;6247517 
8755636;6247520 
8754268;6247519 
8754059;6247517 
8754342;6247523 
8755071;6247519 
8755334;6247515 
8754729;6247519 
8754586;6247522 
8755067;6247514 
8754864;6247523 
8754050;6247518 
8755109;6247518 
8755349;6247518 
8755225;6247515 
8754246;6247516 
8754528;6247516 
8754721;6247522 
8754399;6247517 
8754469;6247515 
8754780;6247520 
8754467;6247517 
8755991;6247520 
8755044;6247520 
8754480;6247517 
8754177;6247520 
8754442;6247516 
8754826;6247513 
8755151;6247515 
8753795;6247519 
8754055;6247514 
8754712;6247515 
8753978;6247516 
8754280;6247516 
8755381;6247521 
8754271;6247519 
8754314;6247519 
8755744;6247514 
8755320;6247517 
8754018;6247518 
8755210;6247518 
8754798;6247521 
8753927;6247515 
8754227;6247513 
8753478;6247516 
8753775;6247513 
8755325;6247517 
8754543;6247519 
8754067;6247516 
8755943;6247513 
8755350;6247517 
8754211;6247521 
8754818;6247514 
8755474;6247520 
8754291;6247516 
8754366;6247514 
8754703;6247518 
8753892;6247515 
8754049;6247518 
8754252;6247517 
8753642;6247513 
8754275;6247517 
8755340;6247519 
8753857;6247515 
8754166;6247515 
8754475;6247520 
8755012;6247519 
8754399;6247520 
8754316;6247522 
8754065;6247520 
8754601;6247519 
8754095;6247521 
8753780;6247514 
8756147;6247517 
8753876;6247518 
8753953;6247512 
8754014;6247519 
8754378;6247521 
8754208;6247519 
8754914;6247516 
8756759;6247518 
8754005;6247519 
8755631;6247525 
8754049;6247521 
8754430;6247515 
8755995;6247518 
8754378;6247518 
8753581;6247516 
8754666;6247515 
8753914;6247516 
8755137;6247513 
8754118;6247519 
8753824;6247516 
8754558;6247515 
8754304;6247518 
8753827;6247519 
8753836;6247515 
8755906;6247517 
8754293;6247521 
8754406;6247520 
8753915;6247523 
8753964;6247516 
8755048;6247513 
8756779;6247518 
8753883;6247512 
8754398;6247515 
8754574;6247522 
8754222;6247519 
8753987;6247517 
8754597;6247522 
8754236;6247517 
8755473;6247514 
8757078;6247543 
8754001;6247516 
8754253;6247515 
8755275;6247518 
8756069;6247518 
8754345;6247518 
8753912;6247516 
8756170;6247519 
8753520;6247514 
8757071;6247516 
8753599;6247518 
8753759;6247513 
8754295;6247518 
8754399;6247519 
8756151;6247517 
8756787;6247521 
8755252;6247516 
8754938;6247516 
8754840;6247521 
8754140;6247516 
8754050;6247516 
8754867;6247520 
8754036;6247516 
8754348;6247517 
8754277;6247514 
8754130;6247514 
8753986;6247513 
8754391;6247515 
8753805;6247518 
8755542;6247515 
8757037;6247518 
8754268;6247515 
8754637;6247513 
8754837;6247523 
8754648;6247516 
8756438;6247514 
8755716;6247521 
8754206;6247522 
8755166;6247514 
8754743;6247519 
8754901;6247515 
8753714;6247511 
8753866;6247515 
8755746;6247515 
8754668;6247525 
8754524;6247515 
8754355;6247518 
8753933;6247514 
8754463;6247522 
8756302;6247513 
8756123;6247516 
8754230;6247522 
8754590;6247517 
8754855;6247514 
8754349;6247516 
8754376;6247514 
8754018;6247516 
8754646;6247517 
8754050;6247519 
8753998;6247514 
8754170;6247517 
8754517;6247523 
8754464;6247516 
8754024;6247518 
8754631;6247523 
8754388;6247516 
8753976;6247517 
8754459;6247517 
8754610;6247516 
8755720;6247514 
8753788;6247519 
8754036;6247516 
8754307;6247517 
8754387;6247522 
8755124;6247516 
8755784;6247518 
8755755;6247519 
8754013;6247515 
8755479;6247518 
8754521;6247519 
8753999;6247513 
8754480;6247517 
8754513;6247518 
8753969;6247514 
8753946;6247514 
8753728;6247520 
8753796;6247516 
8754441;6247518 
8754673;6247520 
8754086;6247514 
8753926;6247516 
8754207;6247516 
8754227;6247514 
8754310;6247514 
8754453;6247516 
8754253;6247517 
8755499;6247519 
8756690;6247517 
8754203;6247516 
8753988;6247516 
8754880;6247520 
8754203;6247515 
8755072;6247517 
8755925;6247522 
8756421;6247515 
8755139;6247518 
8754267;6247523 
8755729;6247516 
8754334;6247514 
8756515;6247520 
8753685;6247514 
8754049;6247515 
8755407;6247519 
8753952;6247518 
8753936;6247514 
8754286;6247523 
8754440;6247515 
8754319;6247515 
8754835;6247524 
8755602;6247514 
8753994;6247514 
8755696;6247519 
8754442;6247516 
8754190;6247515 
8756059;6247515 
8753850;6247513 
8756249;6247512 
8753731;6247516 
8755609;6247519 
8754406;6247517 
8754710;6247519 
8756482;6247514 
8754476;6247515 
8755505;6247522 
8755362;6247517 
8753819;6247515 
8754586;6247517 
8753996;6247519 
8754242;6247515 
8755211;6247519 
8753906;6247516 
8754199;6247514 
8754026;6247519 
8754532;6247517 
8754679;6247514 
8754315;6247520 
8754232;6247519 
8753933;6247514 
8754838;6247517 
8755382;6247518 
8755391;6247512 
8755204;6247521 
8754179;6247519 
8755627;6247515 
8754794;6247520 
8753872;6247513 
8753576;6247513 
8756331;6247517 
8753912;6247514 
8756448;6247514 
8754535;6247519 
8754490;6247520 
8754035;6247512 
8754845;6247521 
8754216;6247519 
8753657;6247514 
8754565;6247518 
8754384;6247518 
8755091;6247514 
8756160;6247524 
8755190;6247517 
8754084;6247513 
8754215;6247517 
8754133;6247517 
8755696;6247514 
8754602;6247519 
8754076;6247515 
8755431;6247512 
8754241;6247518 
8754489;6247517 
8758017;6247518 
8754244;6247523 
8754084;6247515 
8757652;6247517 
8754667;6247518 
8754620;6247513 
8755994;6247517 
8754113;6247514 
8754080;6247515 
8754483;6247517 
8755626;6247519 
8755197;6247518 
8754340;6247517 
8755174;6247515 
8754127;6247517 
8755337;6247515 
8755157;6247518 
8755992;6247518 
8755726;6247519 
8754965;6247521 
8756080;6247518 
8754025;6247514 
8754781;6247515 
8754616;6247515 
8754295;6247513 
8756018;6247521 
8753916;6247514 
8754291;6247514 
8754681;6247522 
8754493;6247513 
8754373;6247518 
8755061;6247522 
8754286;6247515 
8755042;6247517 
8754310;6247524 
8754329;6247512 
8754509;6247514 
8754390;6247518 
8755344;6247511 
8754145;6247516 
8754730;6247521 
8753900;6247513 
8754579;6247515 
8754691;6247523 
8753743;6247513 
8753782;6247519 
8754113;6247517 
8754647;6247513 
8755048;6247516 
8754705;6247523 
8754880;6247515 
8756186;6247516 
8754980;6247520 
8754461;6247513 
8753580;6247514 
8754650;6247516 
8754246;6247515 
8753917;6247515 
8754634;6247519 
8754733;6247514 
8754462;6247516 
8754346;6247519 
8756393;6247515 
8754091;6247515 
8754873;6247519 
8755748;6247517 
8754781;6247516 
8755819;6247518 
8755515;6247516 
8755655;6247515 
8753988;6247521 
8754045;6247514 
8754265;6247514 
8754908;6247520 
8754544;6247518 
8754180;6247515 
8755409;6247519 
8754651;6247515 
8754447;6247520 
8754238;6247521 
8756725;6247515 
8754310;6247519 
8754178;6247517 
8754497;6247517 
8756670;6247514 
8754824;6247518 
8755593;6247512 
8754151;6247521 
8754098;6247515 
8755377;6247518 
8754875;6247518 
8755480;6247518 
8753986;6247515 
8754588;6247521 
8753952;6247513 
8754284;6247518 
8755187;6247516 
8754246;6247514 
8755122;6247514 
8756033;6247521 
8753756;6247514 
8753959;6247515 
8753884;6247516 
8754456;6247519 
8754005;6247515 
8754415;6247521 
8754106;6247520 
8754112;6247518 
8754295;6247520 
8754409;6247520 
8756659;6247518 
8754332;6247522 
8756194;6247517 
8755320;6247518 
8753702;6247515 
8757102;6247516 
8753655;6247516 
8754367;6247519 
8753812;6247523 
8755236;6247518 
8754386;6247525 
8754102;6247517 
8754999;6247518 
8753942;6247518 
8755208;6247515 
8753921;6247518 
8754113;6247519 
8754642;6247520 
8757023;6247515 
8754030;6247517 
8754424;6247515 
8753650;6247516 
8753832;6247520 
8754621;6247518 
8755161;6247515 
8755546;6247521 
8754329;6247517 
8754453;6247515 
8754225;6247521 
8754158;6247518 
8753769;6247518 
8757307;6247520 
8755751;6247517 
8754887;6247517 
8754698;6247518 
8754764;6247516 
8753836;6247513 
8754252;6247522 
8754128;6247517 
8754053;6247516 
8755013;6247518 
8754425;6247515 
8754702;6247518 
8754824;6247522 
8754398;6247520 
8754879;6247514 
8754549;6247519 
8754833;6247519 
8755598;6247517 
8755987;6247519 
8753857;6247514 
8753715;6247514 
8754051;6247517 
8754888;6247516 
8753860;6247515 
8754519;6247520 
8753804;6247519 
8754551;6247518 
8754761;6247518 
8754435;6247516 
8754368;6247516 
8754089;6247519 
8757105;6247520 
8755488;6247513 
8754514;6247515 
8754111;6247515 
8754199;6247517 
8754246;6247516 
8754861;6247521 
8754423;6247515 
8754002;6247520 
8756189;6247519 
8754373;6247519 
8755005;6247525 
8755248;6247520 
8755464;6247519 
8754077;6247520 
8756394;6247518 
8754399;6247518 
8754013;6247517 
8755903;6247517 
8754007;6247515 
8754201;6247516 
8754359;6247517 
8753684;6247516 
8755200;6247516 
8754907;6247521 
8754036;6247516 
8756006;6247521 
8755192;6247521 
8756163;6247520 
8757630;6247536 
8754557;6247521 
8753870;6247516 
8754465;6247520 
8755082;6247520 
8754948;6247514 
8755631;6247515 
8754284;6247516 
8754063;6247514 
8754409;6247526 
8755636;6247519 
8754134;6247513 
8755645;6247520 
8754546;6247520 
8754008;6247516 
8754500;6247518 
8754419;6247522 
8753663;6247515 
8754981;6247520 
8753929;6247518 
8753687;6247517 
8753617;6247516 
8753804;6247517 
8753855;6247513 
8755602;6247520 
8754307;6247517 
8755209;6247513 
8754115;6247526 
8755116;6247515 
8754120;6247514 
8754262;6247519 
8756302;6247525 
8756272;6247516 
8754876;6247519 
8754435;6247515 
8754662;6247515 
8754225;6247517 
8753765;6247521 
8755920;6247516 
8759512;6247520 
8753698;6247512 
8755877;6247513 
8755286;6247521 
8754404;6247517 
8756185;6247517 
8755566;6247519 
8754222;6247517 
8754294;6247514 
8755004;6247523 
8754009;6247515 
8755124;6247517 
8754506;6247521 
8754070;6247516 
8755522;6247514 
8754913;6247520 
8754336;6247519 
8754133;6247514 
8753871;6247516 
8754516;6247518 
8754376;6247518 
8754546;6247516 
8753928;6247518 
8754918;6247515 
8754486;6247519 
8754355;6247516 
8755420;6247513 
8753940;6247522 
8754201;6247514 
8754202;6247514 
8754515;6247518 
8753917;6247514 
8753932;6247510 
8755936;6247521 
8754056;6247513 
8754360;6247513 
8754673;6247520 
8754140;6247516 
8754319;6247513 
8754724;6247519 
8754578;6247519 
8753809;6247513 
8755549;6247518 
8754980;6247519 
8755040;6247513 
8754480;6247517 
8753815;6247514 
8753762;6247513 
8754415;6247517 
8754114;6247515 
8753763;6247513 
8754185;6247520 
8755486;6247519 
8754387;6247513 
8755074;6247523 
8755589;6247516 
8755404;6247514 
8754290;6247521 
8754429;6247517 
8757858;6247513 
8755465;6247521 
8753898;6247517 
8754660;6247515 
8756670;6247521 
8755262;6247512 
8754287;6247514 
8754399;6247519 
8754138;6247520 
8754598;6247513 
8754888;6247516 
8753964;6247513 
8756679;6247513 
8754231;6247519 
8754500;6247515 
8753904;6247514 
8754643;6247519 
8755405;6247513 
8754527;6247517 
8755550;6247516 
8753692;6247515 
8753689;6247516 
8755665;6247524 
8754437;6247516 
8754676;6247518 
8754264;6247520 
8755280;6247518 
8754482;6247518 
8755025;6247520 
8753926;6247516 
8753884;6247518 
8754182;6247519 
8755134;6247514 
8753676;6247514 
8753889;6247516 
8754983;6247513 
8754194;6247515 
8753764;6247515 
8754102;6247519 
8754073;6247517 
8754421;6247522 
8754229;6247514 
8754164;6247517 
8754349;6247520 
8755363;6247514 
8755008;6247517 
8755619;6247520 
8755927;6247513 
8753998;6247517 
8753825;6247516 
8753603;6247512 
8754044;6247516 
8753743;6247518 
8755844;6247514 
8753732;6247513 
8754790;6247521 
8755639;6247512 
8754254;6247517 
8754526;6247520 
8754347;6247512 
8754254;6247513 
8756468;6247519 
8754236;6247513 
8756224;6247517 
8754062;6247517 
8754985;6247511 
8754903;6247514 
8755519;6247519 
8754943;6247513 
8753959;6247513 
8756372;6247519 
8754471;6247516 
8754250;6247516 
8753949;6247520 
8753910;6247517 
8754295;6247516 
8755470;6247520 
8754165;6247519 
8754318;6247518 
8755652;6247520 
8754799;6247520 
8754544;6247517 
8754419;6247517 
8754350;6247520 
8754027;6247519 
8754725;6247521 
8754893;6247518 
8755541;6247514 
8755363;6247522 
8754608;6247513 
8755667;6247516 
8753712;6247522 
8754722;6247526 
8753879;6247516 
8755414;6247521 
8754262;6247520 
8753917;6247517 
8754161;6247518 
8754253;6247518 
8754296;6247516 
8753976;6247521 
8755403;6247522 
8753937;6247519 
8753903;6247518 
8753973;6247518 
8753602;6247515 
8754306;6247517 
8754158;6247518 
8754770;6247515 
8754989;6247515 
8754447;6247518 
8753953;6247515 
8755019;6247519 
8754543;6247519 
8754552;6247516 
8754848;6247518 
8754965;6247518 
8754196;6247519 
8755801;6247521 
8754324;6247519 
8753967;6247513 
8754494;6247518 
8754370;6247518 
8754148;6247515 
8754523;6247518 
8754276;6247528 
8754485;6247518 
8754199;6247518 
8755090;6247518 
8753768;6247515 
8754812;6247518 
8754000;6247521 
8754115;6247516 
8755561;6247520 
8755663;6247520 
8753903;6247515 
8755114;6247515 
8754355;6247518 
8754507;6247515 
8753977;6247517 
8757446;6247523 
8755401;6247519 
8754531;6247517 
8753958;6247523 
8754438;6247516 
8756702;6247515 
8754394;6247521 
8753931;6247517 
8754497;6247516 
8754295;6247525 
8754079;6247515 
8754859;6247513 
8755073;6247517 
8754216;6247514 
8755378;6247517 
8755178;6247522 
8754343;6247516 
8755504;6247519 
8757598;6247520 
8754168;6247516 
8755716;6247517 
8754733;6247523 
8753905;6247516 
8754357;6247519 
8755537;6247519 
8754119;6247515 
8755408;6247516 
8754181;6247518 
8753609;6247518 
8755751;6247516 
8753971;6247520 
8754332;6247521 
8754775;6247520 
8754324;6247518 
8754139;6247517 
8757419;6247519 
8754693;6247522 
8755483;6247518 
8754186;6247516 
8754211;6247517 
8754537;6247513 
8755857;6247518 
8753749;6247517 
8753794;6247512 
8754189;6247518 
8754346;6247518 
8754143;6247517 
8754764;6247520 
8754020;6247519 
8755697;6247517 
8755722;6247517 
8754389;6247516 
8754406;6247516 
8755705;6247517 
8754123;6247518 
8753716;6247514 
8755105;6247516 
8754225;6247516 
8753685;6247514 
8754597;6247518 
8755452;6247516 
8753904;6247518 
8756003;6247520 
8754038;6247519 
8754756;6247517 
8755162;6247517 
8754204;6247516 
8753705;6247518 
8754471;6247514 
8755410;6247515 
8754273;6247514 
8753783;6247518 
8756392;6247517 
8754409;6247514 
8754345;6247520 
8754840;6247518 
8754268;6247516 
8755488;6247523 
8755278;6247515 
8755040;6247514 
8754485;6247519 
8754291;6247521 
8755239;6247519 
8755076;6247521 
8754293;6247515 
8754934;6247520 
8754360;6247518 
8753884;6247514 
8753589;6247515 
8755767;6247519 
8753905;6247514 
8753715;6247516 
8755828;6247523 
8754016;6247516 
8754170;6247516 
8754400;6247518 
8755578;6247517 
8754026;6247517 
8754938;6247522 
8754159;6247515 
8755623;6247516 
8755064;6247519 
8753727;6247513 
8753981;6247512 
8755300;6247516 
8754727;6247521 
8754029;6247513 
8756791;6247519 
8754819;6247518 
8753820;6247512 
8755427;6247517 
8755722;6247516 
8754645;6247512 
8754535;6247519 
8754047;6247517 
8754768;6247514 
8754751;6247526 
8753870;6247515 
8753595;6247511 
8754796;6247516 
8753440;6247516 
8755779;6247511 
8754755;6247523 
8756340;6247516 
8755263;6247513 
8754384;6247521 
8753831;6247516 
8754508;6247515 
8754538;6247518 
8754546;6247518 
8755730;6247516 
8756917;6247518 
8754076;6247514 
8754796;6247515 
8754000;6247520 
8753725;6247513 
8754320;6247515 
8754745;6247519 
8753853;6247518 
8755494;6247517 
8754137;6247517 
8755253;6247518 
8756879;6247516 
8757925;6247521 
8753920;6247519 
8754215;6247517 
8753701;6247523 
8755485;6247518 
8754080;6247514 
8754578;6247517 
8754082;6247512 
8753941;6247515 
8754280;6247518 
8754583;6247515 
8753939;6247517 
8756143;6247517 
8756305;6247514 
8754823;6247518 
8755836;6247516 
8753755;6247518 
8756407;6247518 
8755662;6247521 
8755941;6247516 
8758817;6247515 
8754478;6247522 
8754695;6247515 
8755220;6247514 
8754153;6247521 
8753799;6247514 
8754044;6247515 
8755158;6247520 
8753971;6247513 
8753893;6247515 
8754790;6247519 
8754594;6247517 
8754313;6247517 
8754021;6247515 
8754673;6247515 
8754514;6247514 
8754780;6247516 
8753595;6247515 
8754750;6247514 
8753929;6247519 
8754346;6247512 
8754427;6247515 
8755717;6247518 
8754078;6247512 
8754783;6247514 
8755283;6247522 
8754168;6247515 
8754004;6247516 
8754176;6247519 
8755160;6247513 
8756882;6247517 
8755782;6247518 
8755207;6247513 
8753911;6247518 
8754590;6247519 
8755188;6247513 
8753865;6247520 
8754448;6247518 
8753956;6247516 
8754002;6247516 
8754441;6247521 
8754059;6247517 
8755070;6247515 
8754521;6247520 
8754291;6247518 
8753967;6247519 
8754400;6247520 
8756744;6247513 
8753606;6247514 
8754151;6247521 
8755242;6247514 
8754597;6247517 
8756383;6247520 
8754260;6247515 
8754414;6247515 
8754100;6247517 
8755964;6247517 
8754307;6247518 
8754139;6247520 
8755147;6247517 
8754872;6247521 
8755575;6247518 
8753849;6247516 
8754255;6247517 
8754083;6247516 
8753800;6247514 
8754030;6247518 
8754204;6247518 
8754088;6247517 
8754746;6247520 
8753938;6247515 
8753986;6247516 
8753978;6247521 
8754094;6247516 
8754925;6247517 
8754551;6247522 
8754332;6247516 
8754952;6247518 
8755162;6247516 
8754086;6247515 
8754793;6247516 
8755410;6247519 
8754863;6247521 
8754987;6247517 
8754173;6247522 
8755879;6247515 
8753907;6247514 
8755200;6247517 
8753996;6247516 
8754854;6247518 
8755284;6247518 
8756938;6247520 
8754272;6247518 
8754016;6247522 
8753501;6247513 
8754110;6247515 
8755298;6247521 
8754242;6247518 
8754219;6247519 
8755067;6247517 
8755043;6247519 
8754275;6247515 
8753876;6247517 
8754070;6247515 
8754032;6247515 
8754172;6247521 
8758193;6247519 
8754381;6247516 
8754414;6247516 
8754247;6247517 
8753732;6247516 
8754135;6247516 
8753825;6247516 
8753858;6247516 
8754611;6247518 
8753960;6247519 
8754304;6247519 
8754031;6247520 
8754584;6247521 
8754142;6247513 
8754681;6247520 
8755204;6247515 
8753532;6247516 
8757000;6247518 
8754611;6247518 
8754118;6247512 
8754314;6247516 
8754467;6247519 
8755759;6247518 
8754394;6247520 
8755622;6247519 
8754198;6247516 
8754566;6247519 
8755612;6247522 
8754091;6247515 
8754400;6247526 
8755535;6247520 
8753708;6247516 
8754081;6247520 
8754023;6247516 
8753939;6247513 
8755197;6247516 
8754088;6247517 
8754932;6247517 
8754508;6247520 
8754784;6247523 
8753866;6247516 
8754165;6247522 
8755979;6247523 
8754532;6247514 
8755985;6247519 
8754600;6247518 
8754253;6247518 
8756262;6247517 
8755561;6247516 
8753817;6247512 
8753894;6247515 
8753908;6247519 
8753795;6247513 
8754561;6247521 
8754582;6247521 
8754118;6247516 
8754460;6247518 
8754131;6247517 
8754158;6247517 
8754844;6247514 
8754550;6247519 
8754892;6247515 
8755244;6247515 
8754125;6247521 
8755225;6247517 
8754457;6247514 
8753887;6247516 
8753916;6247513 
8754159;6247521 
8754188;6247523 
8754003;6247516 
8755162;6247523 
8754309;6247522 
8753870;6247514 
8756199;6247540 
8754827;6247520 
8754264;6247518 
8755420;6247524 
8753895;6247521 
8754385;6247519 
8754555;6247515 
8753905;6247516 
8755917;6247519 
8754353;6247518 
8755158;6247519 
8754274;6247517 
8754145;6247521 
8754882;6247519 
8753939;6247516 
8754310;6247521 
8753755;6247517 
8754450;6247517 
8755868;6247524 
8754090;6247518 
8754961;6247516 
8754146;6247523 
8753922;6247517 
8753711;6247514 
8754685;6247523 
8754122;6247518 
8753934;6247516 
8754810;6247526 
8755530;6247516 
8753852;6247516 
8754510;6247524 
8754232;6247518 
8754039;6247519 
8756114;6247518 
8754186;6247516 
8754745;6247518 
8757099;6247519 
8753650;6247516 
8754323;6247511 
8755607;6247520 
8753944;6247515 
8754206;6247517 
8755624;6247519 
8753964;6247517 
8753948;6247514 
8755236;6247524 
8753997;6247513 
8754404;6247513 
8755663;6247523 
8754348;6247517 
8754291;6247513 
8754281;6247519 
8753646;6247514 
8754962;6247513 
8753786;6247517 
8753749;6247514 
8754292;6247513 
8753927;6247516 
8754203;6247519 
8755105;6247512 
8754053;6247523 
8755509;6247516 
8755959;6247514 
8754347;6247524 
8754238;6247518 
8756204;6247513 
8753936;6247519 
8754962;6247519 
8754455;6247519 
8755640;6247517 
8754754;6247522 
8754202;6247515 
8754213;6247519 
8755040;6247523 
8754494;6247519 
8754713;6247520 
8755630;6247522 
8754115;6247514 
8754332;6247516 
8754148;6247518 
8753919;6247516 
8754272;6247522 
8755291;6247520 
8754243;6247517 
8754395;6247521 
8754089;6247514 
8753900;6247519 
8754123;6247518 
8755115;6247518 
8754338;6247516 
8755560;6247520 
8754591;6247517 
8755443;6247517 
8754142;6247520 
8754389;6247516 
8753859;6247515 
8754124;6247519 
8753793;6247515 
8754358;6247516 
8754308;6247522 
8753899;6247516 
8754911;6247516 
8754246;6247519 
8754102;6247517 
8756173;6247513 
8755246;6247519 
8754140;6247519 
8753851;6247516 
8754032;6247521 
8755597;6247517 
8755098;6247513 
8756135;6247519 
8756558;6247518 
8754578;6247516 
8754763;6247519 
8754032;6247518 
8755000;6247517 
8754384;6247521 
8754480;6247520 
8754249;6247515 
8754403;6247521 
8754171;6247520 
8754403;6247517 
8753862;6247517 
8754777;6247514 
8755323;6247513 
8754575;6247515 
8755072;6247520 
8753788;6247517 
8754640;6247519 
8755793;6247520 
8753824;6247515 
8755697;6247521 
8753880;6247518 
8754206;6247517 
8754071;6247521 
8755656;6247515 
8755233;6247516 
8753827;6247517 
8754538;6247516 
8753726;6247516 
8755118;6247519 
8754051;6247518 
8754490;6247517 
8755855;6247522 
8754727;6247521 
8755025;6247516 
8754611;6247524 
8753910;6247520 
8754260;6247517 
8755273;6247520 
8754742;6247522 
8754976;6247517 
8754988;6247521 
8754149;6247519 
8754129;6247515 
8753797;6247520 
8753887;6247519 
8754244;6247515 
8754377;6247517 
8754452;6247521 
8754065;6247514 
8754095;6247521 
8754141;6247522 
8753940;6247519 
8755657;6247519 
8755674;6247521 
8753817;6247515 
8755950;6247521 
8755491;6247521 
8754454;6247512 
8754170;6247523 
8754143;6247517 
8753760;6247513 
8754197;6247519 
8755142;6247519 
8755657;6247519 
8754457;6247516 
8755059;6247521 
8753800;6247519 
8754534;6247518 
8755973;6247518 
8753883;6247513 
8754077;6247518 
8755120;6247519 
8753502;6247514 
8754700;6247517 
8754507;6247516 
8756164;6247514 
8755055;6247517 
8753782;6247518 
8754296;6247515 
8754044;6247520 
8754447;6247522 
8754016;6247516 
8755013;6247536 
8755717;6247515 
8753902;6247513 
8754105;6247517 
8755674;6247518 
8753677;6247514 
8754966;6247516 
8754695;6247519 
8753812;6247517 
8755298;6247521 
8753932;6247521 
8754652;6247517 
8755218;6247521 
8756237;6247522 
8754220;6247520 
8754671;6247521 
8754415;6247520 
8754168;6247516 
8754147;6247519 
8754213;6247522 
8754600;6247512 
8756346;6247519 
8754564;6247516 
8756027;6247513 
8754934;6247519 
8755384;6247524 
8754075;6247514 
8754517;6247518 
8754608;6247522 
8754247;6247514 
8755011;6247518 
8756063;6247522 
8754094;6247515 
8754273;6247518 
8757504;6247521 
8754592;6247515 
8757661;6247515 
8754393;6247517 
8754137;6247513 
8755459;6247518 
8754176;6247519 
8755206;6247516 
8754678;6247520 
8754029;6247523 
8755860;6247517 
8754796;6247519 
8754221;6247517 
8754173;6247519 
8756069;6247525 
8754501;6247518 
8753967;6247514 
8755018;6247515 
8753642;6247514 
8753763;6247515 
8754565;6247517 
8755133;6247518 
8753913;6247515 
8754162;6247520 
8754074;6247515 
8755245;6247514 
8753950;6247518 
8755871;6247517 
8755414;6247515 
8755045;6247520 
8753707;6247519 
8754523;6247515 
8754672;6247516 
8753965;6247521 
8753727;6247517 
8754147;6247519 
8753844;6247517 
8754308;6247516 
8757094;6247523 
8754510;6247514 
8754146;6247519 
8754141;6247521 
8754410;6247516 
8756942;6247518 
8755357;6247519 
8753850;6247519 
8754170;6247515 
8754048;6247518 
8753628;6247516 
8755301;6247514 
8754687;6247518 
8754163;6247516 
8754482;6247513 
8754915;6247517 
8754146;6247516 
8754280;6247518 
8754320;6247519 
8754501;6247518 
8753981;6247515 
8754469;6247522 
8753991;6247518 
8754263;6247517 
8754412;6247519 
8754460;6247516 
8754136;6247513 
8754182;6247520 
8754762;6247514 
8754345;6247513 
8754258;6247519 
8754540;6247519 
8756198;6247516 
8754028;6247517 
8755658;6247514 
8753948;6247513 
8755263;6247520 
8754381;6247518 
8754034;6247514 
8755067;6247521 
8753972;6247515 
8753596;6247513 
8754891;6247521 
8753756;6247514 
8754553;6247515 
8755586;6247521 
8754307;6247517 
8754290;6247514 
8754923;6247523 
8755222;6247514 
8755727;6247515 
8754940;6247516 
8754437;6247519 
8754304;6247513 
8754852;6247517 
8753927;6247515 
8756430;6247514 
8754015;6247518 
8753824;6247516 
8753509;6247515 
8754568;6247520 
8754161;6247516 
8755400;6247515 
8756073;6247522 
8754052;6247522 
8755259;6247516 
8758163;6247517 
8754451;6247520 
8754281;6247517 
8754239;6247519 
8753806;6247515 
8754217;6247514 
8754044;6247519 
8754940;6247515 
8753818;6247512 
8755510;6247520 
8754659;6247515 
8753980;6247515 
8754679;6247520 
8753852;6247515 
8754830;6247513 
8755046;6247521 
8755802;6247520 
8753857;6247519 
8754315;6247520 
8753813;6247516 
8754405;6247518 
8754487;6247518 
8753539;6247515 
8754226;6247517 
8753987;6247519 
8753891;6247521 
8753967;6247516 
8754513;6247521 
8754326;6247516 
8754287;6247516 
8754721;6247521 
8754026;6247514 
8755534;6247514 
8755311;6247518 
8753653;6247519 
8756075;6247514 
8755018;6247521 
8754933;6247514 
8754462;6247511 
8754406;6247519 
8755126;6247517 
8753931;6247513 
8754946;6247523 
8754085;6247518 
8754260;6247513 
8754712;6247519 
8754841;6247514 
8754750;6247513 
8754653;6247522 
8757337;6247518 
8756296;6247514 
8755616;6247519 
8753728;6247517 
8755360;6247510 
8754089;6247514 
8753973;6247518 
8754212;6247514 
8754916;6247520 
8754258;6247517 
8754391;6247512 
8754808;6247515 
8754531;6247513 
8755489;6247512 
8754475;6247519 
8754349;6247516 
8754782;6247514 
8757168;6247516 
8755559;6247519 
8753578;6247514 
8755378;6247518 
8753948;6247517 
8756294;6247515 
8755165;6247520 
8755596;6247516 
8753972;6247516 
8755190;6247518 
8754284;6247514 
8754604;6247515 
8755403;6247522 
8753924;6247516 
8755321;6247512 
8754572;6247519 
8753729;6247513 
8755280;6247515 
8753980;6247521 
8755148;6247516 
8755620;6247514 
8755074;6247518 
8755321;6247521 
8754223;6247514 
8757471;6247520 
8754544;6247516 
8754603;6247512 
8755399;6247522 
8754681;6247515 
8756313;6247514 
8754774;6247516 
8754087;6247517 
8754160;6247513 
8753982;6247520 
8754026;6247516 
8753985;6247513 
8754579;6247518 
8754444;6247518 
8754267;6247519 
8754342;6247523 
8753891;6247515 
8754155;6247514 
8755828;6247518 
8754342;6247518 
8753988;6247519 
8754281;6247518 
8754677;6247515 
8755188;6247515 
8754219;6247518 
8754371;6247517 
8753592;6247515 
8754190;6247520 
8753931;6247515 
8754059;6247517 
8756670;6247519 
8754051;6247517 
8753837;6247516 
8755567;6247517 
8754106;6247515 
8754186;6247513 
8754585;6247518 
8755221;6247516 
8754229;6247518 
8754069;6247519 
8753592;6247512 
8753962;6247515 
8754494;6247520 
8755047;6247513 
8754232;6247515 
8756799;6247520 
8753850;6247515 
8754116;6247521 
8754468;6247521 
8754129;6247515 
8755438;6247516 
8755534;6247520 
8754908;6247512 
8753898;6247520 
8754133;6247517 
8754735;6247510 
8754274;6247517 
8753969;6247516 
8753480;6247513 
8754833;6247518 
8753986;6247517 
8754039;6247513 
8754092;6247521 
8755648;6247522 
8753904;6247516 
8753866;6247518 
8755170;6247520 
8755500;6247518 
8754196;6247517 
8754517;6247520 
8754329;6247513 
8753893;6247516 
8754031;6247521 
8754191;6247515 
8754048;6247517 
8754447;6247524 
8754179;6247516 
8754051;6247515 
8756074;6247524 
8754436;6247518 
8756011;6247519 
8754146;6247523 
8754210;6247514 
8754543;6247521 
8755505;6247520 
8753933;6247518 
8754162;6247515 
8754139;6247517 
8753926;6247513 
8754083;6247515 
8754249;6247521 
8754090;6247517 
8756837;6247519 
8754415;6247517 
8754050;6247518 
8754553;6247523 
8754400;6247517 
8754644;6247516 
8754392;6247517 
8754810;6247516 
8754077;6247517 
8753796;6247516 
8754043;6247515 
8754128;6247513 
8755009;6247517 
8754345;6247519 
8754163;6247517 
8755298;6247515 
8755110;6247518 
8753998;6247516 
8754691;6247517 
8754614;6247519 
8753665;6247517 
8754315;6247512 
8754045;6247521 
8754201;6247517 
8754220;6247515 
8755658;6247517 
8754059;6247518 
8754055;6247514 
8753990;6247520 
8758043;6247518 
8753994;6247517 
8754532;6247518 
8755118;6247516 
8754190;6247511 
8754287;6247518 
8753882;6247520 
8754199;6247513 
8755544;6247517 
8753715;6247515 
8754080;6247516 
8754591;6247518 
8754323;6247517 
8754120;6247513 
8756885;6247523 
8754528;6247518 
8754892;6247516 
8754509;6247519 
8755076;6247519 
8754917;6247514 
8755873;6247520 
8753872;6247516 
8754351;6247512 
8754902;6247516 
8754596;6247517 
8754704;6247512 
8753906;6247523 
8754198;6247515 
8753783;6247514 
8755607;6247516 
8753896;6247514 
8753853;6247516 
8754154;6247517 
8755006;6247516 
8753967;6247512 
8756572;6247519 
8754095;6247515 
8754566;6247510 
8753862;6247519 
8753865;6247514 
8753988;6247514 
8754637;6247521 
8754017;6247515 
8754704;6247515 
8754519;6247521 
8755582;6247516 
8755601;6247517 
8755547;6247520 
8758063;6247517 
8756487;6247517 
8755196;6247521 
8753805;6247515 
8754079;6247513 
